 # n, n * 100. _wp , suma2 , (suma2 - n * 100._wp)
       1  1.0000000000000E+02  1.0000000000000E+02 -1.2202692127638E-30
       2  2.0000000000000E+02  2.0000000000000E+02 -2.4405384255275E-30
       3  3.0000000000000E+02  3.0000000000000E+02 -3.6484816866472E-30
       4  4.0000000000000E+02  4.0000000000000E+02 -4.8810768510550E-30
       5  5.0000000000000E+02  5.0000000000000E+02 -6.1136720154628E-30
       6  6.0000000000000E+02  6.0000000000000E+02 -7.2969633732944E-30
       7  7.0000000000000E+02  7.0000000000000E+02 -8.4802547311259E-30
       8  8.0000000000000E+02  8.0000000000000E+02 -9.6635460889574E-30
       9  9.0000000000000E+02  9.0000000000000E+02 -1.0846837446789E-29
      10  1.0000000000000E+03  1.0000000000000E+03 -1.2030128804620E-29
      11  1.1000000000000E+03  1.1000000000000E+03 -1.3213420162452E-29
      12  1.2000000000000E+03  1.2000000000000E+03 -1.4396711520283E-29
      13  1.3000000000000E+03  1.3000000000000E+03 -1.5580002878115E-29
      14  1.4000000000000E+03  1.4000000000000E+03 -1.6763294235947E-29
      15  1.5000000000000E+03  1.5000000000000E+03 -1.7946585593778E-29
      16  1.6000000000000E+03  1.6000000000000E+03 -1.9129876951610E-29
      17  1.7000000000000E+03  1.7000000000000E+03 -2.0313168309441E-29
      18  1.8000000000000E+03  1.8000000000000E+03 -2.1496459667273E-29
      19  1.9000000000000E+03  1.9000000000000E+03 -2.2679751025104E-29
      20  2.0000000000000E+03  2.0000000000000E+03 -2.3863042382936E-29
      21  2.1000000000000E+03  2.1000000000000E+03 -2.5243548967072E-29
      22  2.2000000000000E+03  2.2000000000000E+03 -2.6426840324904E-29
      23  2.3000000000000E+03  2.3000000000000E+03 -2.7610131682735E-29
      24  2.4000000000000E+03  2.4000000000000E+03 -2.8793423040567E-29
      25  2.5000000000000E+03  2.5000000000000E+03 -2.9976714398398E-29
      26  2.6000000000000E+03  2.6000000000000E+03 -3.1160005756230E-29
      27  2.7000000000000E+03  2.7000000000000E+03 -3.2343297114061E-29
      28  2.8000000000000E+03  2.8000000000000E+03 -3.3526588471893E-29
      29  2.9000000000000E+03  2.9000000000000E+03 -3.4709879829725E-29
      30  3.0000000000000E+03  3.0000000000000E+03 -3.5893171187556E-29
      31  3.1000000000000E+03  3.1000000000000E+03 -3.7076462545388E-29
      32  3.2000000000000E+03  3.2000000000000E+03 -3.8259753903219E-29
      33  3.3000000000000E+03  3.3000000000000E+03 -3.9443045261051E-29
      34  3.4000000000000E+03  3.4000000000000E+03 -4.0626336618882E-29
      35  3.5000000000000E+03  3.5000000000000E+03 -4.1809627976714E-29
      36  3.6000000000000E+03  3.6000000000000E+03 -4.2992919334545E-29
      37  3.7000000000000E+03  3.7000000000000E+03 -4.4176210692377E-29
      38  3.8000000000000E+03  3.8000000000000E+03 -4.5359502050208E-29
      39  3.9000000000000E+03  3.9000000000000E+03 -4.6542793408040E-29
      40  4.0000000000000E+03  4.0000000000000E+03 -4.7726084765871E-29
      41  4.1000000000000E+03  4.1000000000000E+03 -4.8909376123703E-29
      42  4.2000000000000E+03  4.2000000000000E+03 -5.0487097934145E-29
      43  4.3000000000000E+03  4.3000000000000E+03 -5.2064819744587E-29
      44  4.4000000000000E+03  4.4000000000000E+03 -5.3642541555029E-29
      45  4.5000000000000E+03  4.5000000000000E+03 -5.5220263365471E-29
      46  4.6000000000000E+03  4.6000000000000E+03 -5.6797985175913E-29
      47  4.7000000000000E+03  4.7000000000000E+03 -5.8375706986355E-29
      48  4.8000000000000E+03  4.8000000000000E+03 -5.9953428796797E-29
      49  4.9000000000000E+03  4.9000000000000E+03 -6.1531150607239E-29
      50  5.0000000000000E+03  5.0000000000000E+03 -6.3108872417681E-29
      51  5.1000000000000E+03  5.1000000000000E+03 -6.4686594228123E-29
      52  5.2000000000000E+03  5.2000000000000E+03 -6.6264316038565E-29
      53  5.3000000000000E+03  5.3000000000000E+03 -6.7842037849007E-29
      54  5.4000000000000E+03  5.4000000000000E+03 -6.9419759659449E-29
      55  5.5000000000000E+03  5.5000000000000E+03 -7.0997481469891E-29
      56  5.6000000000000E+03  5.6000000000000E+03 -7.2575203280333E-29
      57  5.7000000000000E+03  5.7000000000000E+03 -7.4152925090775E-29
      58  5.8000000000000E+03  5.8000000000000E+03 -7.5730646901217E-29
      59  5.9000000000000E+03  5.9000000000000E+03 -7.7308368711659E-29
      60  6.0000000000000E+03  6.0000000000000E+03 -7.8886090522101E-29
      61  6.1000000000000E+03  6.1000000000000E+03 -8.0463812332543E-29
      62  6.2000000000000E+03  6.2000000000000E+03 -8.2041534142985E-29
      63  6.3000000000000E+03  6.3000000000000E+03 -8.3619255953427E-29
      64  6.4000000000000E+03  6.4000000000000E+03 -8.5196977763869E-29
      65  6.5000000000000E+03  6.5000000000000E+03 -8.6774699574311E-29
      66  6.6000000000000E+03  6.6000000000000E+03 -8.8352421384753E-29
      67  6.7000000000000E+03  6.7000000000000E+03 -8.9930143195195E-29
      68  6.8000000000000E+03  6.8000000000000E+03 -9.1507865005637E-29
      69  6.9000000000000E+03  6.9000000000000E+03 -9.3085586816079E-29
      70  7.0000000000000E+03  7.0000000000000E+03 -9.4663308626521E-29
      71  7.1000000000000E+03  7.1000000000000E+03 -9.6241030436963E-29
      72  7.2000000000000E+03  7.2000000000000E+03 -9.7818752247405E-29
      73  7.3000000000000E+03  7.3000000000000E+03 -9.9396474057847E-29
      74  7.4000000000000E+03  7.4000000000000E+03 -1.0097419586829E-28
      75  7.5000000000000E+03  7.5000000000000E+03 -1.0255191767873E-28
      76  7.6000000000000E+03  7.6000000000000E+03 -1.0412963948917E-28
      77  7.7000000000000E+03  7.7000000000000E+03 -1.0570736129962E-28
      78  7.8000000000000E+03  7.8000000000000E+03 -1.0728508311006E-28
      79  7.9000000000000E+03  7.9000000000000E+03 -1.0886280492050E-28
      80  8.0000000000000E+03  8.0000000000000E+03 -1.1044052673094E-28
      81  8.1000000000000E+03  8.1000000000000E+03 -1.1201824854138E-28
      82  8.2000000000000E+03  8.2000000000000E+03 -1.1359597035183E-28
      83  8.3000000000000E+03  8.3000000000000E+03 -1.1517369216227E-28
      84  8.4000000000000E+03  8.4000000000000E+03 -1.1675141397271E-28
      85  8.5000000000000E+03  8.5000000000000E+03 -1.1832913578315E-28
      86  8.6000000000000E+03  8.6000000000000E+03 -1.1990685759359E-28
      87  8.7000000000000E+03  8.7000000000000E+03 -1.2148457940404E-28
      88  8.8000000000000E+03  8.8000000000000E+03 -1.2306230121448E-28
      89  8.9000000000000E+03  8.9000000000000E+03 -1.2464002302492E-28
      90  9.0000000000000E+03  9.0000000000000E+03 -1.2621774483536E-28
      91  9.1000000000000E+03  9.1000000000000E+03 -1.2779546664580E-28
      92  9.2000000000000E+03  9.2000000000000E+03 -1.2937318845625E-28
      93  9.3000000000000E+03  9.3000000000000E+03 -1.3095091026669E-28
      94  9.4000000000000E+03  9.4000000000000E+03 -1.3252863207713E-28
      95  9.5000000000000E+03  9.5000000000000E+03 -1.3410635388757E-28
      96  9.6000000000000E+03  9.6000000000000E+03 -1.3568407569801E-28
      97  9.7000000000000E+03  9.7000000000000E+03 -1.3726179750846E-28
      98  9.8000000000000E+03  9.8000000000000E+03 -1.3883951931890E-28
      99  9.9000000000000E+03  9.9000000000000E+03 -1.4041724112934E-28
     100  1.0000000000000E+04  1.0000000000000E+04 -1.4199496293978E-28
     101  1.0100000000000E+04  1.0100000000000E+04 -1.4357268475022E-28
     102  1.0200000000000E+04  1.0200000000000E+04 -1.4515040656067E-28
     103  1.0300000000000E+04  1.0300000000000E+04 -1.4672812837111E-28
     104  1.0400000000000E+04  1.0400000000000E+04 -1.4830585018155E-28
     105  1.0500000000000E+04  1.0500000000000E+04 -1.4988357199199E-28
     106  1.0600000000000E+04  1.0600000000000E+04 -1.5146129380243E-28
     107  1.0700000000000E+04  1.0700000000000E+04 -1.5303901561288E-28
     108  1.0800000000000E+04  1.0800000000000E+04 -1.5461673742332E-28
     109  1.0900000000000E+04  1.0900000000000E+04 -1.5619445923376E-28
     110  1.1000000000000E+04  1.1000000000000E+04 -1.5777218104420E-28
     111  1.1100000000000E+04  1.1100000000000E+04 -1.5934990285464E-28
     112  1.1200000000000E+04  1.1200000000000E+04 -1.6092762466509E-28
     113  1.1300000000000E+04  1.1300000000000E+04 -1.6250534647553E-28
     114  1.1400000000000E+04  1.1400000000000E+04 -1.6408306828597E-28
     115  1.1500000000000E+04  1.1500000000000E+04 -1.6566079009641E-28
     116  1.1600000000000E+04  1.1600000000000E+04 -1.6723851190685E-28
     117  1.1700000000000E+04  1.1700000000000E+04 -1.6881623371730E-28
     118  1.1800000000000E+04  1.1800000000000E+04 -1.7039395552774E-28
     119  1.1900000000000E+04  1.1900000000000E+04 -1.7197167733818E-28
     120  1.2000000000000E+04  1.2000000000000E+04 -1.7354939914862E-28
     121  1.2100000000000E+04  1.2100000000000E+04 -1.7512712095906E-28
     122  1.2200000000000E+04  1.2200000000000E+04 -1.7670484276951E-28
     123  1.2300000000000E+04  1.2300000000000E+04 -1.7828256457995E-28
     124  1.2400000000000E+04  1.2400000000000E+04 -1.7986028639039E-28
     125  1.2500000000000E+04  1.2500000000000E+04 -1.8143800820083E-28
     126  1.2600000000000E+04  1.2600000000000E+04 -1.8301573001127E-28
     127  1.2700000000000E+04  1.2700000000000E+04 -1.8459345182172E-28
     128  1.2800000000000E+04  1.2800000000000E+04 -1.8617117363216E-28
     129  1.2900000000000E+04  1.2900000000000E+04 -1.8774889544260E-28
     130  1.3000000000000E+04  1.3000000000000E+04 -1.8932661725304E-28
     131  1.3100000000000E+04  1.3100000000000E+04 -1.9090433906348E-28
     132  1.3200000000000E+04  1.3200000000000E+04 -1.9248206087393E-28
     133  1.3300000000000E+04  1.3300000000000E+04 -1.9405978268437E-28
     134  1.3400000000000E+04  1.3400000000000E+04 -1.9563750449481E-28
     135  1.3500000000000E+04  1.3500000000000E+04 -1.9721522630525E-28
     136  1.3600000000000E+04  1.3600000000000E+04 -1.9879294811569E-28
     137  1.3700000000000E+04  1.3700000000000E+04 -2.0037066992614E-28
     138  1.3800000000000E+04  1.3800000000000E+04 -2.0194839173658E-28
     139  1.3900000000000E+04  1.3900000000000E+04 -2.0352611354702E-28
     140  1.4000000000000E+04  1.4000000000000E+04 -2.0510383535746E-28
     141  1.4100000000000E+04  1.4100000000000E+04 -2.0668155716791E-28
     142  1.4200000000000E+04  1.4200000000000E+04 -2.0825927897835E-28
     143  1.4300000000000E+04  1.4300000000000E+04 -2.0983700078879E-28
     144  1.4400000000000E+04  1.4400000000000E+04 -2.1141472259923E-28
     145  1.4500000000000E+04  1.4500000000000E+04 -2.1299244440967E-28
     146  1.4600000000000E+04  1.4600000000000E+04 -2.1457016622012E-28
     147  1.4700000000000E+04  1.4700000000000E+04 -2.1614788803056E-28
     148  1.4800000000000E+04  1.4800000000000E+04 -2.1772560984100E-28
     149  1.4900000000000E+04  1.4900000000000E+04 -2.1930333165144E-28
     150  1.5000000000000E+04  1.5000000000000E+04 -2.2088105346188E-28
     151  1.5100000000000E+04  1.5100000000000E+04 -2.2245877527233E-28
     152  1.5200000000000E+04  1.5200000000000E+04 -2.2403649708277E-28
     153  1.5300000000000E+04  1.5300000000000E+04 -2.2561421889321E-28
     154  1.5400000000000E+04  1.5400000000000E+04 -2.2719194070365E-28
     155  1.5500000000000E+04  1.5500000000000E+04 -2.2876966251409E-28
     156  1.5600000000000E+04  1.5600000000000E+04 -2.3034738432454E-28
     157  1.5700000000000E+04  1.5700000000000E+04 -2.3192510613498E-28
     158  1.5800000000000E+04  1.5800000000000E+04 -2.3350282794542E-28
     159  1.5900000000000E+04  1.5900000000000E+04 -2.3508054975586E-28
     160  1.6000000000000E+04  1.6000000000000E+04 -2.3665827156630E-28
     161  1.6100000000000E+04  1.6100000000000E+04 -2.3823599337675E-28
     162  1.6200000000000E+04  1.6200000000000E+04 -2.3981371518719E-28
     163  1.6300000000000E+04  1.6300000000000E+04 -2.4139143699763E-28
     164  1.6400000000000E+04  1.6400000000000E+04 -2.4296915880807E-28
     165  1.6500000000000E+04  1.6500000000000E+04 -2.4296915880807E-28
     166  1.6600000000000E+04  1.6600000000000E+04 -2.4296915880807E-28
     167  1.6700000000000E+04  1.6700000000000E+04 -2.4296915880807E-28
     168  1.6800000000000E+04  1.6800000000000E+04 -2.4296915880807E-28
     169  1.6900000000000E+04  1.6900000000000E+04 -2.4296915880807E-28
     170  1.7000000000000E+04  1.7000000000000E+04 -2.4296915880807E-28
     171  1.7100000000000E+04  1.7100000000000E+04 -2.4296915880807E-28
     172  1.7200000000000E+04  1.7200000000000E+04 -2.4296915880807E-28
     173  1.7300000000000E+04  1.7300000000000E+04 -2.4296915880807E-28
     174  1.7400000000000E+04  1.7400000000000E+04 -2.4296915880807E-28
     175  1.7500000000000E+04  1.7500000000000E+04 -2.4296915880807E-28
     176  1.7600000000000E+04  1.7600000000000E+04 -2.4296915880807E-28
     177  1.7700000000000E+04  1.7700000000000E+04 -2.4296915880807E-28
     178  1.7800000000000E+04  1.7800000000000E+04 -2.4296915880807E-28
     179  1.7900000000000E+04  1.7900000000000E+04 -2.4296915880807E-28
     180  1.8000000000000E+04  1.8000000000000E+04 -2.4296915880807E-28
     181  1.8100000000000E+04  1.8100000000000E+04 -2.4296915880807E-28
     182  1.8200000000000E+04  1.8200000000000E+04 -2.4296915880807E-28
     183  1.8300000000000E+04  1.8300000000000E+04 -2.4296915880807E-28
     184  1.8400000000000E+04  1.8400000000000E+04 -2.4296915880807E-28
     185  1.8500000000000E+04  1.8500000000000E+04 -2.4296915880807E-28
     186  1.8600000000000E+04  1.8600000000000E+04 -2.4296915880807E-28
     187  1.8700000000000E+04  1.8700000000000E+04 -2.4296915880807E-28
     188  1.8800000000000E+04  1.8800000000000E+04 -2.4296915880807E-28
     189  1.8900000000000E+04  1.8900000000000E+04 -2.4296915880807E-28
     190  1.9000000000000E+04  1.9000000000000E+04 -2.4296915880807E-28
     191  1.9100000000000E+04  1.9100000000000E+04 -2.4296915880807E-28
     192  1.9200000000000E+04  1.9200000000000E+04 -2.4296915880807E-28
     193  1.9300000000000E+04  1.9300000000000E+04 -2.4296915880807E-28
     194  1.9400000000000E+04  1.9400000000000E+04 -2.4296915880807E-28
     195  1.9500000000000E+04  1.9500000000000E+04 -2.4296915880807E-28
     196  1.9600000000000E+04  1.9600000000000E+04 -2.4296915880807E-28
     197  1.9700000000000E+04  1.9700000000000E+04 -2.4296915880807E-28
     198  1.9800000000000E+04  1.9800000000000E+04 -2.4296915880807E-28
     199  1.9900000000000E+04  1.9900000000000E+04 -2.4296915880807E-28
     200  2.0000000000000E+04  2.0000000000000E+04 -2.4296915880807E-28
     201  2.0100000000000E+04  2.0100000000000E+04 -2.4296915880807E-28
     202  2.0200000000000E+04  2.0200000000000E+04 -2.4296915880807E-28
     203  2.0300000000000E+04  2.0300000000000E+04 -2.4296915880807E-28
     204  2.0400000000000E+04  2.0400000000000E+04 -2.4296915880807E-28
     205  2.0500000000000E+04  2.0500000000000E+04 -2.4296915880807E-28
     206  2.0600000000000E+04  2.0600000000000E+04 -2.4296915880807E-28
     207  2.0700000000000E+04  2.0700000000000E+04 -2.4296915880807E-28
     208  2.0800000000000E+04  2.0800000000000E+04 -2.4296915880807E-28
     209  2.0900000000000E+04  2.0900000000000E+04 -2.4296915880807E-28
     210  2.1000000000000E+04  2.1000000000000E+04 -2.4296915880807E-28
     211  2.1100000000000E+04  2.1100000000000E+04 -2.4296915880807E-28
     212  2.1200000000000E+04  2.1200000000000E+04 -2.4296915880807E-28
     213  2.1300000000000E+04  2.1300000000000E+04 -2.4296915880807E-28
     214  2.1400000000000E+04  2.1400000000000E+04 -2.4296915880807E-28
     215  2.1500000000000E+04  2.1500000000000E+04 -2.4296915880807E-28
     216  2.1600000000000E+04  2.1600000000000E+04 -2.4296915880807E-28
     217  2.1700000000000E+04  2.1700000000000E+04 -2.4296915880807E-28
     218  2.1800000000000E+04  2.1800000000000E+04 -2.4296915880807E-28
     219  2.1900000000000E+04  2.1900000000000E+04 -2.4296915880807E-28
     220  2.2000000000000E+04  2.2000000000000E+04 -2.4296915880807E-28
     221  2.2100000000000E+04  2.2100000000000E+04 -2.4296915880807E-28
     222  2.2200000000000E+04  2.2200000000000E+04 -2.4296915880807E-28
     223  2.2300000000000E+04  2.2300000000000E+04 -2.4296915880807E-28
     224  2.2400000000000E+04  2.2400000000000E+04 -2.4296915880807E-28
     225  2.2500000000000E+04  2.2500000000000E+04 -2.4296915880807E-28
     226  2.2600000000000E+04  2.2600000000000E+04 -2.4296915880807E-28
     227  2.2700000000000E+04  2.2700000000000E+04 -2.4296915880807E-28
     228  2.2800000000000E+04  2.2800000000000E+04 -2.4296915880807E-28
     229  2.2900000000000E+04  2.2900000000000E+04 -2.4296915880807E-28
     230  2.3000000000000E+04  2.3000000000000E+04 -2.4296915880807E-28
     231  2.3100000000000E+04  2.3100000000000E+04 -2.4296915880807E-28
     232  2.3200000000000E+04  2.3200000000000E+04 -2.4296915880807E-28
     233  2.3300000000000E+04  2.3300000000000E+04 -2.4296915880807E-28
     234  2.3400000000000E+04  2.3400000000000E+04 -2.4296915880807E-28
     235  2.3500000000000E+04  2.3500000000000E+04 -2.4296915880807E-28
     236  2.3600000000000E+04  2.3600000000000E+04 -2.4296915880807E-28
     237  2.3700000000000E+04  2.3700000000000E+04 -2.4296915880807E-28
     238  2.3800000000000E+04  2.3800000000000E+04 -2.4296915880807E-28
     239  2.3900000000000E+04  2.3900000000000E+04 -2.4296915880807E-28
     240  2.4000000000000E+04  2.4000000000000E+04 -2.4296915880807E-28
     241  2.4100000000000E+04  2.4100000000000E+04 -2.4296915880807E-28
     242  2.4200000000000E+04  2.4200000000000E+04 -2.4296915880807E-28
     243  2.4300000000000E+04  2.4300000000000E+04 -2.4296915880807E-28
     244  2.4400000000000E+04  2.4400000000000E+04 -2.4296915880807E-28
     245  2.4500000000000E+04  2.4500000000000E+04 -2.4296915880807E-28
     246  2.4600000000000E+04  2.4600000000000E+04 -2.4296915880807E-28
     247  2.4700000000000E+04  2.4700000000000E+04 -2.4296915880807E-28
     248  2.4800000000000E+04  2.4800000000000E+04 -2.4296915880807E-28
     249  2.4900000000000E+04  2.4900000000000E+04 -2.4296915880807E-28
     250  2.5000000000000E+04  2.5000000000000E+04 -2.4296915880807E-28
     251  2.5100000000000E+04  2.5100000000000E+04 -2.4296915880807E-28
     252  2.5200000000000E+04  2.5200000000000E+04 -2.4296915880807E-28
     253  2.5300000000000E+04  2.5300000000000E+04 -2.4296915880807E-28
     254  2.5400000000000E+04  2.5400000000000E+04 -2.4296915880807E-28
     255  2.5500000000000E+04  2.5500000000000E+04 -2.4296915880807E-28
     256  2.5600000000000E+04  2.5600000000000E+04 -2.4296915880807E-28
     257  2.5700000000000E+04  2.5700000000000E+04 -2.4296915880807E-28
     258  2.5800000000000E+04  2.5800000000000E+04 -2.4296915880807E-28
     259  2.5900000000000E+04  2.5900000000000E+04 -2.4296915880807E-28
     260  2.6000000000000E+04  2.6000000000000E+04 -2.4296915880807E-28
     261  2.6100000000000E+04  2.6100000000000E+04 -2.4296915880807E-28
     262  2.6200000000000E+04  2.6200000000000E+04 -2.4296915880807E-28
     263  2.6300000000000E+04  2.6300000000000E+04 -2.4296915880807E-28
     264  2.6400000000000E+04  2.6400000000000E+04 -2.4296915880807E-28
     265  2.6500000000000E+04  2.6500000000000E+04 -2.4296915880807E-28
     266  2.6600000000000E+04  2.6600000000000E+04 -2.4296915880807E-28
     267  2.6700000000000E+04  2.6700000000000E+04 -2.4296915880807E-28
     268  2.6800000000000E+04  2.6800000000000E+04 -2.4296915880807E-28
     269  2.6900000000000E+04  2.6900000000000E+04 -2.4296915880807E-28
     270  2.7000000000000E+04  2.7000000000000E+04 -2.4296915880807E-28
     271  2.7100000000000E+04  2.7100000000000E+04 -2.4296915880807E-28
     272  2.7200000000000E+04  2.7200000000000E+04 -2.4296915880807E-28
     273  2.7300000000000E+04  2.7300000000000E+04 -2.4296915880807E-28
     274  2.7400000000000E+04  2.7400000000000E+04 -2.4296915880807E-28
     275  2.7500000000000E+04  2.7500000000000E+04 -2.4296915880807E-28
     276  2.7600000000000E+04  2.7600000000000E+04 -2.4296915880807E-28
     277  2.7700000000000E+04  2.7700000000000E+04 -2.4296915880807E-28
     278  2.7800000000000E+04  2.7800000000000E+04 -2.4296915880807E-28
     279  2.7900000000000E+04  2.7900000000000E+04 -2.4296915880807E-28
     280  2.8000000000000E+04  2.8000000000000E+04 -2.4296915880807E-28
     281  2.8100000000000E+04  2.8100000000000E+04 -2.4296915880807E-28
     282  2.8200000000000E+04  2.8200000000000E+04 -2.4296915880807E-28
     283  2.8300000000000E+04  2.8300000000000E+04 -2.4296915880807E-28
     284  2.8400000000000E+04  2.8400000000000E+04 -2.4296915880807E-28
     285  2.8500000000000E+04  2.8500000000000E+04 -2.4296915880807E-28
     286  2.8600000000000E+04  2.8600000000000E+04 -2.4296915880807E-28
     287  2.8700000000000E+04  2.8700000000000E+04 -2.4296915880807E-28
     288  2.8800000000000E+04  2.8800000000000E+04 -2.4296915880807E-28
     289  2.8900000000000E+04  2.8900000000000E+04 -2.4296915880807E-28
     290  2.9000000000000E+04  2.9000000000000E+04 -2.4296915880807E-28
     291  2.9100000000000E+04  2.9100000000000E+04 -2.4296915880807E-28
     292  2.9200000000000E+04  2.9200000000000E+04 -2.4296915880807E-28
     293  2.9300000000000E+04  2.9300000000000E+04 -2.4296915880807E-28
     294  2.9400000000000E+04  2.9400000000000E+04 -2.4296915880807E-28
     295  2.9500000000000E+04  2.9500000000000E+04 -2.4296915880807E-28
     296  2.9600000000000E+04  2.9600000000000E+04 -2.4296915880807E-28
     297  2.9700000000000E+04  2.9700000000000E+04 -2.4296915880807E-28
     298  2.9800000000000E+04  2.9800000000000E+04 -2.4296915880807E-28
     299  2.9900000000000E+04  2.9900000000000E+04 -2.4296915880807E-28
     300  3.0000000000000E+04  3.0000000000000E+04 -2.4296915880807E-28
     301  3.0100000000000E+04  3.0100000000000E+04 -2.4296915880807E-28
     302  3.0200000000000E+04  3.0200000000000E+04 -2.4296915880807E-28
     303  3.0300000000000E+04  3.0300000000000E+04 -2.4296915880807E-28
     304  3.0400000000000E+04  3.0400000000000E+04 -2.4296915880807E-28
     305  3.0500000000000E+04  3.0500000000000E+04 -2.4296915880807E-28
     306  3.0600000000000E+04  3.0600000000000E+04 -2.4296915880807E-28
     307  3.0700000000000E+04  3.0700000000000E+04 -2.4296915880807E-28
     308  3.0800000000000E+04  3.0800000000000E+04 -2.4296915880807E-28
     309  3.0900000000000E+04  3.0900000000000E+04 -2.4296915880807E-28
     310  3.1000000000000E+04  3.1000000000000E+04 -2.4296915880807E-28
     311  3.1100000000000E+04  3.1100000000000E+04 -2.4296915880807E-28
     312  3.1200000000000E+04  3.1200000000000E+04 -2.4296915880807E-28
     313  3.1300000000000E+04  3.1300000000000E+04 -2.4296915880807E-28
     314  3.1400000000000E+04  3.1400000000000E+04 -2.4296915880807E-28
     315  3.1500000000000E+04  3.1500000000000E+04 -2.4296915880807E-28
     316  3.1600000000000E+04  3.1600000000000E+04 -2.4296915880807E-28
     317  3.1700000000000E+04  3.1700000000000E+04 -2.4296915880807E-28
     318  3.1800000000000E+04  3.1800000000000E+04 -2.4296915880807E-28
     319  3.1900000000000E+04  3.1900000000000E+04 -2.4296915880807E-28
     320  3.2000000000000E+04  3.2000000000000E+04 -2.4296915880807E-28
     321  3.2100000000000E+04  3.2100000000000E+04 -2.4296915880807E-28
     322  3.2200000000000E+04  3.2200000000000E+04 -2.4296915880807E-28
     323  3.2300000000000E+04  3.2300000000000E+04 -2.4296915880807E-28
     324  3.2400000000000E+04  3.2400000000000E+04 -2.4296915880807E-28
     325  3.2500000000000E+04  3.2500000000000E+04 -2.4296915880807E-28
     326  3.2600000000000E+04  3.2600000000000E+04 -2.4296915880807E-28
     327  3.2700000000000E+04  3.2700000000000E+04 -2.4296915880807E-28
     328  3.2800000000000E+04  3.2800000000000E+04 -2.4612460242896E-28
     329  3.2900000000000E+04  3.2900000000000E+04 -2.4612460242896E-28
     330  3.3000000000000E+04  3.3000000000000E+04 -2.4612460242896E-28
     331  3.3100000000000E+04  3.3100000000000E+04 -2.4612460242896E-28
     332  3.3200000000000E+04  3.3200000000000E+04 -2.4612460242896E-28
     333  3.3300000000000E+04  3.3300000000000E+04 -2.4612460242896E-28
     334  3.3400000000000E+04  3.3400000000000E+04 -2.4612460242896E-28
     335  3.3500000000000E+04  3.3500000000000E+04 -2.4612460242896E-28
     336  3.3600000000000E+04  3.3600000000000E+04 -2.4612460242896E-28
     337  3.3700000000000E+04  3.3700000000000E+04 -2.4612460242896E-28
     338  3.3800000000000E+04  3.3800000000000E+04 -2.4612460242896E-28
     339  3.3900000000000E+04  3.3900000000000E+04 -2.4612460242896E-28
     340  3.4000000000000E+04  3.4000000000000E+04 -2.4612460242896E-28
     341  3.4100000000000E+04  3.4100000000000E+04 -2.4612460242896E-28
     342  3.4200000000000E+04  3.4200000000000E+04 -2.4612460242896E-28
     343  3.4300000000000E+04  3.4300000000000E+04 -2.4612460242896E-28
     344  3.4400000000000E+04  3.4400000000000E+04 -2.4612460242896E-28
     345  3.4500000000000E+04  3.4500000000000E+04 -2.4612460242896E-28
     346  3.4600000000000E+04  3.4600000000000E+04 -2.4612460242896E-28
     347  3.4700000000000E+04  3.4700000000000E+04 -2.4612460242896E-28
     348  3.4800000000000E+04  3.4800000000000E+04 -2.4612460242896E-28
     349  3.4900000000000E+04  3.4900000000000E+04 -2.4612460242896E-28
     350  3.5000000000000E+04  3.5000000000000E+04 -2.4612460242896E-28
     351  3.5100000000000E+04  3.5100000000000E+04 -2.4612460242896E-28
     352  3.5200000000000E+04  3.5200000000000E+04 -2.4612460242896E-28
     353  3.5300000000000E+04  3.5300000000000E+04 -2.4612460242896E-28
     354  3.5400000000000E+04  3.5400000000000E+04 -2.4612460242896E-28
     355  3.5500000000000E+04  3.5500000000000E+04 -2.4612460242896E-28
     356  3.5600000000000E+04  3.5600000000000E+04 -2.4612460242896E-28
     357  3.5700000000000E+04  3.5700000000000E+04 -2.4612460242896E-28
     358  3.5800000000000E+04  3.5800000000000E+04 -2.4612460242896E-28
     359  3.5900000000000E+04  3.5900000000000E+04 -2.4612460242896E-28
     360  3.6000000000000E+04  3.6000000000000E+04 -2.4612460242896E-28
     361  3.6100000000000E+04  3.6100000000000E+04 -2.4612460242896E-28
     362  3.6200000000000E+04  3.6200000000000E+04 -2.4612460242896E-28
     363  3.6300000000000E+04  3.6300000000000E+04 -2.4612460242896E-28
     364  3.6400000000000E+04  3.6400000000000E+04 -2.4612460242896E-28
     365  3.6500000000000E+04  3.6500000000000E+04 -2.4612460242896E-28
     366  3.6600000000000E+04  3.6600000000000E+04 -2.4612460242896E-28
     367  3.6700000000000E+04  3.6700000000000E+04 -2.4612460242896E-28
     368  3.6800000000000E+04  3.6800000000000E+04 -2.4612460242896E-28
     369  3.6900000000000E+04  3.6900000000000E+04 -2.4612460242896E-28
     370  3.7000000000000E+04  3.7000000000000E+04 -2.4612460242896E-28
     371  3.7100000000000E+04  3.7100000000000E+04 -2.4612460242896E-28
     372  3.7200000000000E+04  3.7200000000000E+04 -2.4612460242896E-28
     373  3.7300000000000E+04  3.7300000000000E+04 -2.4612460242896E-28
     374  3.7400000000000E+04  3.7400000000000E+04 -2.4612460242896E-28
     375  3.7500000000000E+04  3.7500000000000E+04 -2.4612460242896E-28
     376  3.7600000000000E+04  3.7600000000000E+04 -2.4612460242896E-28
     377  3.7700000000000E+04  3.7700000000000E+04 -2.4612460242896E-28
     378  3.7800000000000E+04  3.7800000000000E+04 -2.4612460242896E-28
     379  3.7900000000000E+04  3.7900000000000E+04 -2.4612460242896E-28
     380  3.8000000000000E+04  3.8000000000000E+04 -2.4612460242896E-28
     381  3.8100000000000E+04  3.8100000000000E+04 -2.4612460242896E-28
     382  3.8200000000000E+04  3.8200000000000E+04 -2.4612460242896E-28
     383  3.8300000000000E+04  3.8300000000000E+04 -2.4612460242896E-28
     384  3.8400000000000E+04  3.8400000000000E+04 -2.4612460242896E-28
     385  3.8500000000000E+04  3.8500000000000E+04 -2.4612460242896E-28
     386  3.8600000000000E+04  3.8600000000000E+04 -2.4612460242896E-28
     387  3.8700000000000E+04  3.8700000000000E+04 -2.4612460242896E-28
     388  3.8800000000000E+04  3.8800000000000E+04 -2.4612460242896E-28
     389  3.8900000000000E+04  3.8900000000000E+04 -2.4612460242896E-28
     390  3.9000000000000E+04  3.9000000000000E+04 -2.4612460242896E-28
     391  3.9100000000000E+04  3.9100000000000E+04 -2.4612460242896E-28
     392  3.9200000000000E+04  3.9200000000000E+04 -2.4612460242896E-28
     393  3.9300000000000E+04  3.9300000000000E+04 -2.4612460242896E-28
     394  3.9400000000000E+04  3.9400000000000E+04 -2.4612460242896E-28
     395  3.9500000000000E+04  3.9500000000000E+04 -2.4612460242896E-28
     396  3.9600000000000E+04  3.9600000000000E+04 -2.4612460242896E-28
     397  3.9700000000000E+04  3.9700000000000E+04 -2.4612460242896E-28
     398  3.9800000000000E+04  3.9800000000000E+04 -2.4612460242896E-28
     399  3.9900000000000E+04  3.9900000000000E+04 -2.4612460242896E-28
     400  4.0000000000000E+04  4.0000000000000E+04 -2.4612460242896E-28
     401  4.0100000000000E+04  4.0100000000000E+04 -2.4612460242896E-28
     402  4.0200000000000E+04  4.0200000000000E+04 -2.4612460242896E-28
     403  4.0300000000000E+04  4.0300000000000E+04 -2.4612460242896E-28
     404  4.0400000000000E+04  4.0400000000000E+04 -2.4612460242896E-28
     405  4.0500000000000E+04  4.0500000000000E+04 -2.4612460242896E-28
     406  4.0600000000000E+04  4.0600000000000E+04 -2.4612460242896E-28
     407  4.0700000000000E+04  4.0700000000000E+04 -2.4612460242896E-28
     408  4.0800000000000E+04  4.0800000000000E+04 -2.4612460242896E-28
     409  4.0900000000000E+04  4.0900000000000E+04 -2.4612460242896E-28
     410  4.1000000000000E+04  4.1000000000000E+04 -2.4612460242896E-28
     411  4.1100000000000E+04  4.1100000000000E+04 -2.4612460242896E-28
     412  4.1200000000000E+04  4.1200000000000E+04 -2.4612460242896E-28
     413  4.1300000000000E+04  4.1300000000000E+04 -2.4612460242896E-28
     414  4.1400000000000E+04  4.1400000000000E+04 -2.4612460242896E-28
     415  4.1500000000000E+04  4.1500000000000E+04 -2.4612460242896E-28
     416  4.1600000000000E+04  4.1600000000000E+04 -2.4612460242896E-28
     417  4.1700000000000E+04  4.1700000000000E+04 -2.4612460242896E-28
     418  4.1800000000000E+04  4.1800000000000E+04 -2.4612460242896E-28
     419  4.1900000000000E+04  4.1900000000000E+04 -2.4612460242896E-28
     420  4.2000000000000E+04  4.2000000000000E+04 -2.4612460242896E-28
     421  4.2100000000000E+04  4.2100000000000E+04 -2.4612460242896E-28
     422  4.2200000000000E+04  4.2200000000000E+04 -2.4612460242896E-28
     423  4.2300000000000E+04  4.2300000000000E+04 -2.4612460242896E-28
     424  4.2400000000000E+04  4.2400000000000E+04 -2.4612460242896E-28
     425  4.2500000000000E+04  4.2500000000000E+04 -2.4612460242896E-28
     426  4.2600000000000E+04  4.2600000000000E+04 -2.4612460242896E-28
     427  4.2700000000000E+04  4.2700000000000E+04 -2.4612460242896E-28
     428  4.2800000000000E+04  4.2800000000000E+04 -2.4612460242896E-28
     429  4.2900000000000E+04  4.2900000000000E+04 -2.4612460242896E-28
     430  4.3000000000000E+04  4.3000000000000E+04 -2.4612460242896E-28
     431  4.3100000000000E+04  4.3100000000000E+04 -2.4612460242896E-28
     432  4.3200000000000E+04  4.3200000000000E+04 -2.4612460242896E-28
     433  4.3300000000000E+04  4.3300000000000E+04 -2.4612460242896E-28
     434  4.3400000000000E+04  4.3400000000000E+04 -2.4612460242896E-28
     435  4.3500000000000E+04  4.3500000000000E+04 -2.4612460242896E-28
     436  4.3600000000000E+04  4.3600000000000E+04 -2.4612460242896E-28
     437  4.3700000000000E+04  4.3700000000000E+04 -2.4612460242896E-28
     438  4.3800000000000E+04  4.3800000000000E+04 -2.4612460242896E-28
     439  4.3900000000000E+04  4.3900000000000E+04 -2.4612460242896E-28
     440  4.4000000000000E+04  4.4000000000000E+04 -2.4612460242896E-28
     441  4.4100000000000E+04  4.4100000000000E+04 -2.4612460242896E-28
     442  4.4200000000000E+04  4.4200000000000E+04 -2.4612460242896E-28
     443  4.4300000000000E+04  4.4300000000000E+04 -2.4612460242896E-28
     444  4.4400000000000E+04  4.4400000000000E+04 -2.4612460242896E-28
     445  4.4500000000000E+04  4.4500000000000E+04 -2.4612460242896E-28
     446  4.4600000000000E+04  4.4600000000000E+04 -2.4612460242896E-28
     447  4.4700000000000E+04  4.4700000000000E+04 -2.4612460242896E-28
     448  4.4800000000000E+04  4.4800000000000E+04 -2.4612460242896E-28
     449  4.4900000000000E+04  4.4900000000000E+04 -2.4612460242896E-28
     450  4.5000000000000E+04  4.5000000000000E+04 -2.4612460242896E-28
     451  4.5100000000000E+04  4.5100000000000E+04 -2.4612460242896E-28
     452  4.5200000000000E+04  4.5200000000000E+04 -2.4612460242896E-28
     453  4.5300000000000E+04  4.5300000000000E+04 -2.4612460242896E-28
     454  4.5400000000000E+04  4.5400000000000E+04 -2.4612460242896E-28
     455  4.5500000000000E+04  4.5500000000000E+04 -2.4612460242896E-28
     456  4.5600000000000E+04  4.5600000000000E+04 -2.4612460242896E-28
     457  4.5700000000000E+04  4.5700000000000E+04 -2.4612460242896E-28
     458  4.5800000000000E+04  4.5800000000000E+04 -2.4612460242896E-28
     459  4.5900000000000E+04  4.5900000000000E+04 -2.4612460242896E-28
     460  4.6000000000000E+04  4.6000000000000E+04 -2.4612460242896E-28
     461  4.6100000000000E+04  4.6100000000000E+04 -2.4612460242896E-28
     462  4.6200000000000E+04  4.6200000000000E+04 -2.4612460242896E-28
     463  4.6300000000000E+04  4.6300000000000E+04 -2.4612460242896E-28
     464  4.6400000000000E+04  4.6400000000000E+04 -2.4612460242896E-28
     465  4.6500000000000E+04  4.6500000000000E+04 -2.4612460242896E-28
     466  4.6600000000000E+04  4.6600000000000E+04 -2.4612460242896E-28
     467  4.6700000000000E+04  4.6700000000000E+04 -2.4612460242896E-28
     468  4.6800000000000E+04  4.6800000000000E+04 -2.4612460242896E-28
     469  4.6900000000000E+04  4.6900000000000E+04 -2.4612460242896E-28
     470  4.7000000000000E+04  4.7000000000000E+04 -2.4612460242896E-28
     471  4.7100000000000E+04  4.7100000000000E+04 -2.4612460242896E-28
     472  4.7200000000000E+04  4.7200000000000E+04 -2.4612460242896E-28
     473  4.7300000000000E+04  4.7300000000000E+04 -2.4612460242896E-28
     474  4.7400000000000E+04  4.7400000000000E+04 -2.4612460242896E-28
     475  4.7500000000000E+04  4.7500000000000E+04 -2.4612460242896E-28
     476  4.7600000000000E+04  4.7600000000000E+04 -2.4612460242896E-28
     477  4.7700000000000E+04  4.7700000000000E+04 -2.4612460242896E-28
     478  4.7800000000000E+04  4.7800000000000E+04 -2.4612460242896E-28
     479  4.7900000000000E+04  4.7900000000000E+04 -2.4612460242896E-28
     480  4.8000000000000E+04  4.8000000000000E+04 -2.4612460242896E-28
     481  4.8100000000000E+04  4.8100000000000E+04 -2.4612460242896E-28
     482  4.8200000000000E+04  4.8200000000000E+04 -2.4612460242896E-28
     483  4.8300000000000E+04  4.8300000000000E+04 -2.4612460242896E-28
     484  4.8400000000000E+04  4.8400000000000E+04 -2.4612460242896E-28
     485  4.8500000000000E+04  4.8500000000000E+04 -2.4612460242896E-28
     486  4.8600000000000E+04  4.8600000000000E+04 -2.4612460242896E-28
     487  4.8700000000000E+04  4.8700000000000E+04 -2.4612460242896E-28
     488  4.8800000000000E+04  4.8800000000000E+04 -2.4612460242896E-28
     489  4.8900000000000E+04  4.8900000000000E+04 -2.4612460242896E-28
     490  4.9000000000000E+04  4.9000000000000E+04 -2.4612460242896E-28
     491  4.9100000000000E+04  4.9100000000000E+04 -2.4612460242896E-28
     492  4.9200000000000E+04  4.9200000000000E+04 -2.4612460242896E-28
     493  4.9300000000000E+04  4.9300000000000E+04 -2.4612460242896E-28
     494  4.9400000000000E+04  4.9400000000000E+04 -2.4612460242896E-28
     495  4.9500000000000E+04  4.9500000000000E+04 -2.4612460242896E-28
     496  4.9600000000000E+04  4.9600000000000E+04 -2.4612460242896E-28
     497  4.9700000000000E+04  4.9700000000000E+04 -2.4612460242896E-28
     498  4.9800000000000E+04  4.9800000000000E+04 -2.4612460242896E-28
     499  4.9900000000000E+04  4.9900000000000E+04 -2.4612460242896E-28
     500  5.0000000000000E+04  5.0000000000000E+04 -2.4612460242896E-28
     501  5.0100000000000E+04  5.0100000000000E+04 -2.4612460242896E-28
     502  5.0200000000000E+04  5.0200000000000E+04 -2.4612460242896E-28
     503  5.0300000000000E+04  5.0300000000000E+04 -2.4612460242896E-28
     504  5.0400000000000E+04  5.0400000000000E+04 -2.4612460242896E-28
     505  5.0500000000000E+04  5.0500000000000E+04 -2.4612460242896E-28
     506  5.0600000000000E+04  5.0600000000000E+04 -2.4612460242896E-28
     507  5.0700000000000E+04  5.0700000000000E+04 -2.4612460242896E-28
     508  5.0800000000000E+04  5.0800000000000E+04 -2.4612460242896E-28
     509  5.0900000000000E+04  5.0900000000000E+04 -2.4612460242896E-28
     510  5.1000000000000E+04  5.1000000000000E+04 -2.4612460242896E-28
     511  5.1100000000000E+04  5.1100000000000E+04 -2.4612460242896E-28
     512  5.1200000000000E+04  5.1200000000000E+04 -2.4612460242896E-28
     513  5.1300000000000E+04  5.1300000000000E+04 -2.4612460242896E-28
     514  5.1400000000000E+04  5.1400000000000E+04 -2.4612460242896E-28
     515  5.1500000000000E+04  5.1500000000000E+04 -2.4612460242896E-28
     516  5.1600000000000E+04  5.1600000000000E+04 -2.4612460242896E-28
     517  5.1700000000000E+04  5.1700000000000E+04 -2.4612460242896E-28
     518  5.1800000000000E+04  5.1800000000000E+04 -2.4612460242896E-28
     519  5.1900000000000E+04  5.1900000000000E+04 -2.4612460242896E-28
     520  5.2000000000000E+04  5.2000000000000E+04 -2.4612460242896E-28
     521  5.2100000000000E+04  5.2100000000000E+04 -2.4612460242896E-28
     522  5.2200000000000E+04  5.2200000000000E+04 -2.4612460242896E-28
     523  5.2300000000000E+04  5.2300000000000E+04 -2.4612460242896E-28
     524  5.2400000000000E+04  5.2400000000000E+04 -2.4612460242896E-28
     525  5.2500000000000E+04  5.2500000000000E+04 -2.4612460242896E-28
     526  5.2600000000000E+04  5.2600000000000E+04 -2.4612460242896E-28
     527  5.2700000000000E+04  5.2700000000000E+04 -2.4612460242896E-28
     528  5.2800000000000E+04  5.2800000000000E+04 -2.4612460242896E-28
     529  5.2900000000000E+04  5.2900000000000E+04 -2.4612460242896E-28
     530  5.3000000000000E+04  5.3000000000000E+04 -2.4612460242896E-28
     531  5.3100000000000E+04  5.3100000000000E+04 -2.4612460242896E-28
     532  5.3200000000000E+04  5.3200000000000E+04 -2.4612460242896E-28
     533  5.3300000000000E+04  5.3300000000000E+04 -2.4612460242896E-28
     534  5.3400000000000E+04  5.3400000000000E+04 -2.4612460242896E-28
     535  5.3500000000000E+04  5.3500000000000E+04 -2.4612460242896E-28
     536  5.3600000000000E+04  5.3600000000000E+04 -2.4612460242896E-28
     537  5.3700000000000E+04  5.3700000000000E+04 -2.4612460242896E-28
     538  5.3800000000000E+04  5.3800000000000E+04 -2.4612460242896E-28
     539  5.3900000000000E+04  5.3900000000000E+04 -2.4612460242896E-28
     540  5.4000000000000E+04  5.4000000000000E+04 -2.4612460242896E-28
     541  5.4100000000000E+04  5.4100000000000E+04 -2.4612460242896E-28
     542  5.4200000000000E+04  5.4200000000000E+04 -2.4612460242896E-28
     543  5.4300000000000E+04  5.4300000000000E+04 -2.4612460242896E-28
     544  5.4400000000000E+04  5.4400000000000E+04 -2.4612460242896E-28
     545  5.4500000000000E+04  5.4500000000000E+04 -2.4612460242896E-28
     546  5.4600000000000E+04  5.4600000000000E+04 -2.4612460242896E-28
     547  5.4700000000000E+04  5.4700000000000E+04 -2.4612460242896E-28
     548  5.4800000000000E+04  5.4800000000000E+04 -2.4612460242896E-28
     549  5.4900000000000E+04  5.4900000000000E+04 -2.4612460242896E-28
     550  5.5000000000000E+04  5.5000000000000E+04 -2.4612460242896E-28
     551  5.5100000000000E+04  5.5100000000000E+04 -2.4612460242896E-28
     552  5.5200000000000E+04  5.5200000000000E+04 -2.4612460242896E-28
     553  5.5300000000000E+04  5.5300000000000E+04 -2.4612460242896E-28
     554  5.5400000000000E+04  5.5400000000000E+04 -2.4612460242896E-28
     555  5.5500000000000E+04  5.5500000000000E+04 -2.4612460242896E-28
     556  5.5600000000000E+04  5.5600000000000E+04 -2.4612460242896E-28
     557  5.5700000000000E+04  5.5700000000000E+04 -2.4612460242896E-28
     558  5.5800000000000E+04  5.5800000000000E+04 -2.4612460242896E-28
     559  5.5900000000000E+04  5.5900000000000E+04 -2.4612460242896E-28
     560  5.6000000000000E+04  5.6000000000000E+04 -2.4612460242896E-28
     561  5.6100000000000E+04  5.6100000000000E+04 -2.4612460242896E-28
     562  5.6200000000000E+04  5.6200000000000E+04 -2.4612460242896E-28
     563  5.6300000000000E+04  5.6300000000000E+04 -2.4612460242896E-28
     564  5.6400000000000E+04  5.6400000000000E+04 -2.4612460242896E-28
     565  5.6500000000000E+04  5.6500000000000E+04 -2.4612460242896E-28
     566  5.6600000000000E+04  5.6600000000000E+04 -2.4612460242896E-28
     567  5.6700000000000E+04  5.6700000000000E+04 -2.4612460242896E-28
     568  5.6800000000000E+04  5.6800000000000E+04 -2.4612460242896E-28
     569  5.6900000000000E+04  5.6900000000000E+04 -2.4612460242896E-28
     570  5.7000000000000E+04  5.7000000000000E+04 -2.4612460242896E-28
     571  5.7100000000000E+04  5.7100000000000E+04 -2.4612460242896E-28
     572  5.7200000000000E+04  5.7200000000000E+04 -2.4612460242896E-28
     573  5.7300000000000E+04  5.7300000000000E+04 -2.4612460242896E-28
     574  5.7400000000000E+04  5.7400000000000E+04 -2.4612460242896E-28
     575  5.7500000000000E+04  5.7500000000000E+04 -2.4612460242896E-28
     576  5.7600000000000E+04  5.7600000000000E+04 -2.4612460242896E-28
     577  5.7700000000000E+04  5.7700000000000E+04 -2.4612460242896E-28
     578  5.7800000000000E+04  5.7800000000000E+04 -2.4612460242896E-28
     579  5.7900000000000E+04  5.7900000000000E+04 -2.4612460242896E-28
     580  5.8000000000000E+04  5.8000000000000E+04 -2.4612460242896E-28
     581  5.8100000000000E+04  5.8100000000000E+04 -2.4612460242896E-28
     582  5.8200000000000E+04  5.8200000000000E+04 -2.4612460242896E-28
     583  5.8300000000000E+04  5.8300000000000E+04 -2.4612460242896E-28
     584  5.8400000000000E+04  5.8400000000000E+04 -2.4612460242896E-28
     585  5.8500000000000E+04  5.8500000000000E+04 -2.4612460242896E-28
     586  5.8600000000000E+04  5.8600000000000E+04 -2.4612460242896E-28
     587  5.8700000000000E+04  5.8700000000000E+04 -2.4612460242896E-28
     588  5.8800000000000E+04  5.8800000000000E+04 -2.4612460242896E-28
     589  5.8900000000000E+04  5.8900000000000E+04 -2.4612460242896E-28
     590  5.9000000000000E+04  5.9000000000000E+04 -2.4612460242896E-28
     591  5.9100000000000E+04  5.9100000000000E+04 -2.4612460242896E-28
     592  5.9200000000000E+04  5.9200000000000E+04 -2.4612460242896E-28
     593  5.9300000000000E+04  5.9300000000000E+04 -2.4612460242896E-28
     594  5.9400000000000E+04  5.9400000000000E+04 -2.4612460242896E-28
     595  5.9500000000000E+04  5.9500000000000E+04 -2.4612460242896E-28
     596  5.9600000000000E+04  5.9600000000000E+04 -2.4612460242896E-28
     597  5.9700000000000E+04  5.9700000000000E+04 -2.4612460242896E-28
     598  5.9800000000000E+04  5.9800000000000E+04 -2.4612460242896E-28
     599  5.9900000000000E+04  5.9900000000000E+04 -2.4612460242896E-28
     600  6.0000000000000E+04  6.0000000000000E+04 -2.4612460242896E-28
     601  6.0100000000000E+04  6.0100000000000E+04 -2.4612460242896E-28
     602  6.0200000000000E+04  6.0200000000000E+04 -2.4612460242896E-28
     603  6.0300000000000E+04  6.0300000000000E+04 -2.4612460242896E-28
     604  6.0400000000000E+04  6.0400000000000E+04 -2.4612460242896E-28
     605  6.0500000000000E+04  6.0500000000000E+04 -2.4612460242896E-28
     606  6.0600000000000E+04  6.0600000000000E+04 -2.4612460242896E-28
     607  6.0700000000000E+04  6.0700000000000E+04 -2.4612460242896E-28
     608  6.0800000000000E+04  6.0800000000000E+04 -2.4612460242896E-28
     609  6.0900000000000E+04  6.0900000000000E+04 -2.4612460242896E-28
     610  6.1000000000000E+04  6.1000000000000E+04 -2.4612460242896E-28
     611  6.1100000000000E+04  6.1100000000000E+04 -2.4612460242896E-28
     612  6.1200000000000E+04  6.1200000000000E+04 -2.4612460242896E-28
     613  6.1300000000000E+04  6.1300000000000E+04 -2.4612460242896E-28
     614  6.1400000000000E+04  6.1400000000000E+04 -2.4612460242896E-28
     615  6.1500000000000E+04  6.1500000000000E+04 -2.4612460242896E-28
     616  6.1600000000000E+04  6.1600000000000E+04 -2.4612460242896E-28
     617  6.1700000000000E+04  6.1700000000000E+04 -2.4612460242896E-28
     618  6.1800000000000E+04  6.1800000000000E+04 -2.4612460242896E-28
     619  6.1900000000000E+04  6.1900000000000E+04 -2.4612460242896E-28
     620  6.2000000000000E+04  6.2000000000000E+04 -2.4612460242896E-28
     621  6.2100000000000E+04  6.2100000000000E+04 -2.4612460242896E-28
     622  6.2200000000000E+04  6.2200000000000E+04 -2.4612460242896E-28
     623  6.2300000000000E+04  6.2300000000000E+04 -2.4612460242896E-28
     624  6.2400000000000E+04  6.2400000000000E+04 -2.4612460242896E-28
     625  6.2500000000000E+04  6.2500000000000E+04 -2.4612460242896E-28
     626  6.2600000000000E+04  6.2600000000000E+04 -2.4612460242896E-28
     627  6.2700000000000E+04  6.2700000000000E+04 -2.4612460242896E-28
     628  6.2800000000000E+04  6.2800000000000E+04 -2.4612460242896E-28
     629  6.2900000000000E+04  6.2900000000000E+04 -2.4612460242896E-28
     630  6.3000000000000E+04  6.3000000000000E+04 -2.4612460242896E-28
     631  6.3100000000000E+04  6.3100000000000E+04 -2.4612460242896E-28
     632  6.3200000000000E+04  6.3200000000000E+04 -2.4612460242896E-28
     633  6.3300000000000E+04  6.3300000000000E+04 -2.4612460242896E-28
     634  6.3400000000000E+04  6.3400000000000E+04 -2.4612460242896E-28
     635  6.3500000000000E+04  6.3500000000000E+04 -2.4612460242896E-28
     636  6.3600000000000E+04  6.3600000000000E+04 -2.4612460242896E-28
     637  6.3700000000000E+04  6.3700000000000E+04 -2.4612460242896E-28
     638  6.3800000000000E+04  6.3800000000000E+04 -2.4612460242896E-28
     639  6.3900000000000E+04  6.3900000000000E+04 -2.4612460242896E-28
     640  6.4000000000000E+04  6.4000000000000E+04 -2.4612460242896E-28
     641  6.4100000000000E+04  6.4100000000000E+04 -2.4612460242896E-28
     642  6.4200000000000E+04  6.4200000000000E+04 -2.4612460242896E-28
     643  6.4300000000000E+04  6.4300000000000E+04 -2.4612460242896E-28
     644  6.4400000000000E+04  6.4400000000000E+04 -2.4612460242896E-28
     645  6.4500000000000E+04  6.4500000000000E+04 -2.4612460242896E-28
     646  6.4600000000000E+04  6.4600000000000E+04 -2.4612460242896E-28
     647  6.4700000000000E+04  6.4700000000000E+04 -2.4612460242896E-28
     648  6.4800000000000E+04  6.4800000000000E+04 -2.4612460242896E-28
     649  6.4900000000000E+04  6.4900000000000E+04 -2.4612460242896E-28
     650  6.5000000000000E+04  6.5000000000000E+04 -2.4612460242896E-28
     651  6.5100000000000E+04  6.5100000000000E+04 -2.4612460242896E-28
     652  6.5200000000000E+04  6.5200000000000E+04 -2.4612460242896E-28
     653  6.5300000000000E+04  6.5300000000000E+04 -2.4612460242896E-28
     654  6.5400000000000E+04  6.5400000000000E+04 -2.4612460242896E-28
     655  6.5500000000000E+04  6.5500000000000E+04 -2.4612460242896E-28
     656  6.5600000000000E+04  6.5600000000000E+04 -2.5243548967072E-28
     657  6.5700000000000E+04  6.5700000000000E+04 -2.5243548967072E-28
     658  6.5800000000000E+04  6.5800000000000E+04 -2.5243548967072E-28
     659  6.5900000000000E+04  6.5900000000000E+04 -2.5243548967072E-28
     660  6.6000000000000E+04  6.6000000000000E+04 -2.5243548967072E-28
     661  6.6100000000000E+04  6.6100000000000E+04 -2.5243548967072E-28
     662  6.6200000000000E+04  6.6200000000000E+04 -2.5243548967072E-28
     663  6.6300000000000E+04  6.6300000000000E+04 -2.5243548967072E-28
     664  6.6400000000000E+04  6.6400000000000E+04 -2.5243548967072E-28
     665  6.6500000000000E+04  6.6500000000000E+04 -2.5243548967072E-28
     666  6.6600000000000E+04  6.6600000000000E+04 -2.5243548967072E-28
     667  6.6700000000000E+04  6.6700000000000E+04 -2.5243548967072E-28
     668  6.6800000000000E+04  6.6800000000000E+04 -2.5243548967072E-28
     669  6.6900000000000E+04  6.6900000000000E+04 -2.5243548967072E-28
     670  6.7000000000000E+04  6.7000000000000E+04 -2.5243548967072E-28
     671  6.7100000000000E+04  6.7100000000000E+04 -2.5243548967072E-28
     672  6.7200000000000E+04  6.7200000000000E+04 -2.5243548967072E-28
     673  6.7300000000000E+04  6.7300000000000E+04 -2.5243548967072E-28
     674  6.7400000000000E+04  6.7400000000000E+04 -2.5243548967072E-28
     675  6.7500000000000E+04  6.7500000000000E+04 -2.5243548967072E-28
     676  6.7600000000000E+04  6.7600000000000E+04 -2.5243548967072E-28
     677  6.7700000000000E+04  6.7700000000000E+04 -2.5243548967072E-28
     678  6.7800000000000E+04  6.7800000000000E+04 -2.5243548967072E-28
     679  6.7900000000000E+04  6.7900000000000E+04 -2.5243548967072E-28
     680  6.8000000000000E+04  6.8000000000000E+04 -2.5243548967072E-28
     681  6.8100000000000E+04  6.8100000000000E+04 -2.5243548967072E-28
     682  6.8200000000000E+04  6.8200000000000E+04 -2.5243548967072E-28
     683  6.8300000000000E+04  6.8300000000000E+04 -2.5243548967072E-28
     684  6.8400000000000E+04  6.8400000000000E+04 -2.5243548967072E-28
     685  6.8500000000000E+04  6.8500000000000E+04 -2.5243548967072E-28
     686  6.8600000000000E+04  6.8600000000000E+04 -2.5243548967072E-28
     687  6.8700000000000E+04  6.8700000000000E+04 -2.5243548967072E-28
     688  6.8800000000000E+04  6.8800000000000E+04 -2.5243548967072E-28
     689  6.8900000000000E+04  6.8900000000000E+04 -2.5243548967072E-28
     690  6.9000000000000E+04  6.9000000000000E+04 -2.5243548967072E-28
     691  6.9100000000000E+04  6.9100000000000E+04 -2.5243548967072E-28
     692  6.9200000000000E+04  6.9200000000000E+04 -2.5243548967072E-28
     693  6.9300000000000E+04  6.9300000000000E+04 -2.5243548967072E-28
     694  6.9400000000000E+04  6.9400000000000E+04 -2.5243548967072E-28
     695  6.9500000000000E+04  6.9500000000000E+04 -2.5243548967072E-28
     696  6.9600000000000E+04  6.9600000000000E+04 -2.5243548967072E-28
     697  6.9700000000000E+04  6.9700000000000E+04 -2.5243548967072E-28
     698  6.9800000000000E+04  6.9800000000000E+04 -2.5243548967072E-28
     699  6.9900000000000E+04  6.9900000000000E+04 -2.5243548967072E-28
     700  7.0000000000000E+04  7.0000000000000E+04 -2.5243548967072E-28
     701  7.0100000000000E+04  7.0100000000000E+04 -2.5243548967072E-28
     702  7.0200000000000E+04  7.0200000000000E+04 -2.5243548967072E-28
     703  7.0300000000000E+04  7.0300000000000E+04 -2.5243548967072E-28
     704  7.0400000000000E+04  7.0400000000000E+04 -2.5243548967072E-28
     705  7.0500000000000E+04  7.0500000000000E+04 -2.5243548967072E-28
     706  7.0600000000000E+04  7.0600000000000E+04 -2.5243548967072E-28
     707  7.0700000000000E+04  7.0700000000000E+04 -2.5243548967072E-28
     708  7.0800000000000E+04  7.0800000000000E+04 -2.5243548967072E-28
     709  7.0900000000000E+04  7.0900000000000E+04 -2.5243548967072E-28
     710  7.1000000000000E+04  7.1000000000000E+04 -2.5243548967072E-28
     711  7.1100000000000E+04  7.1100000000000E+04 -2.5243548967072E-28
     712  7.1200000000000E+04  7.1200000000000E+04 -2.5243548967072E-28
     713  7.1300000000000E+04  7.1300000000000E+04 -2.5243548967072E-28
     714  7.1400000000000E+04  7.1400000000000E+04 -2.5243548967072E-28
     715  7.1500000000000E+04  7.1500000000000E+04 -2.5243548967072E-28
     716  7.1600000000000E+04  7.1600000000000E+04 -2.5243548967072E-28
     717  7.1700000000000E+04  7.1700000000000E+04 -2.5243548967072E-28
     718  7.1800000000000E+04  7.1800000000000E+04 -2.5243548967072E-28
     719  7.1900000000000E+04  7.1900000000000E+04 -2.5243548967072E-28
     720  7.2000000000000E+04  7.2000000000000E+04 -2.5243548967072E-28
     721  7.2100000000000E+04  7.2100000000000E+04 -2.5243548967072E-28
     722  7.2200000000000E+04  7.2200000000000E+04 -2.5243548967072E-28
     723  7.2300000000000E+04  7.2300000000000E+04 -2.5243548967072E-28
     724  7.2400000000000E+04  7.2400000000000E+04 -2.5243548967072E-28
     725  7.2500000000000E+04  7.2500000000000E+04 -2.5243548967072E-28
     726  7.2600000000000E+04  7.2600000000000E+04 -2.5243548967072E-28
     727  7.2700000000000E+04  7.2700000000000E+04 -2.5243548967072E-28
     728  7.2800000000000E+04  7.2800000000000E+04 -2.5243548967072E-28
     729  7.2900000000000E+04  7.2900000000000E+04 -2.5243548967072E-28
     730  7.3000000000000E+04  7.3000000000000E+04 -2.5243548967072E-28
     731  7.3100000000000E+04  7.3100000000000E+04 -2.5243548967072E-28
     732  7.3200000000000E+04  7.3200000000000E+04 -2.5243548967072E-28
     733  7.3300000000000E+04  7.3300000000000E+04 -2.5243548967072E-28
     734  7.3400000000000E+04  7.3400000000000E+04 -2.5243548967072E-28
     735  7.3500000000000E+04  7.3500000000000E+04 -2.5243548967072E-28
     736  7.3600000000000E+04  7.3600000000000E+04 -2.5243548967072E-28
     737  7.3700000000000E+04  7.3700000000000E+04 -2.5243548967072E-28
     738  7.3800000000000E+04  7.3800000000000E+04 -2.5243548967072E-28
     739  7.3900000000000E+04  7.3900000000000E+04 -2.5243548967072E-28
     740  7.4000000000000E+04  7.4000000000000E+04 -2.5243548967072E-28
     741  7.4100000000000E+04  7.4100000000000E+04 -2.5243548967072E-28
     742  7.4200000000000E+04  7.4200000000000E+04 -2.5243548967072E-28
     743  7.4300000000000E+04  7.4300000000000E+04 -2.5243548967072E-28
     744  7.4400000000000E+04  7.4400000000000E+04 -2.5243548967072E-28
     745  7.4500000000000E+04  7.4500000000000E+04 -2.5243548967072E-28
     746  7.4600000000000E+04  7.4600000000000E+04 -2.5243548967072E-28
     747  7.4700000000000E+04  7.4700000000000E+04 -2.5243548967072E-28
     748  7.4800000000000E+04  7.4800000000000E+04 -2.5243548967072E-28
     749  7.4900000000000E+04  7.4900000000000E+04 -2.5243548967072E-28
     750  7.5000000000000E+04  7.5000000000000E+04 -2.5243548967072E-28
     751  7.5100000000000E+04  7.5100000000000E+04 -2.5243548967072E-28
     752  7.5200000000000E+04  7.5200000000000E+04 -2.5243548967072E-28
     753  7.5300000000000E+04  7.5300000000000E+04 -2.5243548967072E-28
     754  7.5400000000000E+04  7.5400000000000E+04 -2.5243548967072E-28
     755  7.5500000000000E+04  7.5500000000000E+04 -2.5243548967072E-28
     756  7.5600000000000E+04  7.5600000000000E+04 -2.5243548967072E-28
     757  7.5700000000000E+04  7.5700000000000E+04 -2.5243548967072E-28
     758  7.5800000000000E+04  7.5800000000000E+04 -2.5243548967072E-28
     759  7.5900000000000E+04  7.5900000000000E+04 -2.5243548967072E-28
     760  7.6000000000000E+04  7.6000000000000E+04 -2.5243548967072E-28
     761  7.6100000000000E+04  7.6100000000000E+04 -2.5243548967072E-28
     762  7.6200000000000E+04  7.6200000000000E+04 -2.5243548967072E-28
     763  7.6300000000000E+04  7.6300000000000E+04 -2.5243548967072E-28
     764  7.6400000000000E+04  7.6400000000000E+04 -2.5243548967072E-28
     765  7.6500000000000E+04  7.6500000000000E+04 -2.5243548967072E-28
     766  7.6600000000000E+04  7.6600000000000E+04 -2.5243548967072E-28
     767  7.6700000000000E+04  7.6700000000000E+04 -2.5243548967072E-28
     768  7.6800000000000E+04  7.6800000000000E+04 -2.5243548967072E-28
     769  7.6900000000000E+04  7.6900000000000E+04 -2.5243548967072E-28
     770  7.7000000000000E+04  7.7000000000000E+04 -2.5243548967072E-28
     771  7.7100000000000E+04  7.7100000000000E+04 -2.5243548967072E-28
     772  7.7200000000000E+04  7.7200000000000E+04 -2.5243548967072E-28
     773  7.7300000000000E+04  7.7300000000000E+04 -2.5243548967072E-28
     774  7.7400000000000E+04  7.7400000000000E+04 -2.5243548967072E-28
     775  7.7500000000000E+04  7.7500000000000E+04 -2.5243548967072E-28
     776  7.7600000000000E+04  7.7600000000000E+04 -2.5243548967072E-28
     777  7.7700000000000E+04  7.7700000000000E+04 -2.5243548967072E-28
     778  7.7800000000000E+04  7.7800000000000E+04 -2.5243548967072E-28
     779  7.7900000000000E+04  7.7900000000000E+04 -2.5243548967072E-28
     780  7.8000000000000E+04  7.8000000000000E+04 -2.5243548967072E-28
     781  7.8100000000000E+04  7.8100000000000E+04 -2.5243548967072E-28
     782  7.8200000000000E+04  7.8200000000000E+04 -2.5243548967072E-28
     783  7.8300000000000E+04  7.8300000000000E+04 -2.5243548967072E-28
     784  7.8400000000000E+04  7.8400000000000E+04 -2.5243548967072E-28
     785  7.8500000000000E+04  7.8500000000000E+04 -2.5243548967072E-28
     786  7.8600000000000E+04  7.8600000000000E+04 -2.5243548967072E-28
     787  7.8700000000000E+04  7.8700000000000E+04 -2.5243548967072E-28
     788  7.8800000000000E+04  7.8800000000000E+04 -2.5243548967072E-28
     789  7.8900000000000E+04  7.8900000000000E+04 -2.5243548967072E-28
     790  7.9000000000000E+04  7.9000000000000E+04 -2.5243548967072E-28
     791  7.9100000000000E+04  7.9100000000000E+04 -2.5243548967072E-28
     792  7.9200000000000E+04  7.9200000000000E+04 -2.5243548967072E-28
     793  7.9300000000000E+04  7.9300000000000E+04 -2.5243548967072E-28
     794  7.9400000000000E+04  7.9400000000000E+04 -2.5243548967072E-28
     795  7.9500000000000E+04  7.9500000000000E+04 -2.5243548967072E-28
     796  7.9600000000000E+04  7.9600000000000E+04 -2.5243548967072E-28
     797  7.9700000000000E+04  7.9700000000000E+04 -2.5243548967072E-28
     798  7.9800000000000E+04  7.9800000000000E+04 -2.5243548967072E-28
     799  7.9900000000000E+04  7.9900000000000E+04 -2.5243548967072E-28
     800  8.0000000000000E+04  8.0000000000000E+04 -2.5243548967072E-28
     801  8.0100000000000E+04  8.0100000000000E+04 -2.5243548967072E-28
     802  8.0200000000000E+04  8.0200000000000E+04 -2.5243548967072E-28
     803  8.0300000000000E+04  8.0300000000000E+04 -2.5243548967072E-28
     804  8.0400000000000E+04  8.0400000000000E+04 -2.5243548967072E-28
     805  8.0500000000000E+04  8.0500000000000E+04 -2.5243548967072E-28
     806  8.0600000000000E+04  8.0600000000000E+04 -2.5243548967072E-28
     807  8.0700000000000E+04  8.0700000000000E+04 -2.5243548967072E-28
     808  8.0800000000000E+04  8.0800000000000E+04 -2.5243548967072E-28
     809  8.0900000000000E+04  8.0900000000000E+04 -2.5243548967072E-28
     810  8.1000000000000E+04  8.1000000000000E+04 -2.5243548967072E-28
     811  8.1100000000000E+04  8.1100000000000E+04 -2.5243548967072E-28
     812  8.1200000000000E+04  8.1200000000000E+04 -2.5243548967072E-28
     813  8.1300000000000E+04  8.1300000000000E+04 -2.5243548967072E-28
     814  8.1400000000000E+04  8.1400000000000E+04 -2.5243548967072E-28
     815  8.1500000000000E+04  8.1500000000000E+04 -2.5243548967072E-28
     816  8.1600000000000E+04  8.1600000000000E+04 -2.5243548967072E-28
     817  8.1700000000000E+04  8.1700000000000E+04 -2.5243548967072E-28
     818  8.1800000000000E+04  8.1800000000000E+04 -2.5243548967072E-28
     819  8.1900000000000E+04  8.1900000000000E+04 -2.5243548967072E-28
     820  8.2000000000000E+04  8.2000000000000E+04 -2.5243548967072E-28
     821  8.2100000000000E+04  8.2100000000000E+04 -2.5243548967072E-28
     822  8.2200000000000E+04  8.2200000000000E+04 -2.5243548967072E-28
     823  8.2300000000000E+04  8.2300000000000E+04 -2.5243548967072E-28
     824  8.2400000000000E+04  8.2400000000000E+04 -2.5243548967072E-28
     825  8.2500000000000E+04  8.2500000000000E+04 -2.5243548967072E-28
     826  8.2600000000000E+04  8.2600000000000E+04 -2.5243548967072E-28
     827  8.2700000000000E+04  8.2700000000000E+04 -2.5243548967072E-28
     828  8.2800000000000E+04  8.2800000000000E+04 -2.5243548967072E-28
     829  8.2900000000000E+04  8.2900000000000E+04 -2.5243548967072E-28
     830  8.3000000000000E+04  8.3000000000000E+04 -2.5243548967072E-28
     831  8.3100000000000E+04  8.3100000000000E+04 -2.5243548967072E-28
     832  8.3200000000000E+04  8.3200000000000E+04 -2.5243548967072E-28
     833  8.3300000000000E+04  8.3300000000000E+04 -2.5243548967072E-28
     834  8.3400000000000E+04  8.3400000000000E+04 -2.5243548967072E-28
     835  8.3500000000000E+04  8.3500000000000E+04 -2.5243548967072E-28
     836  8.3600000000000E+04  8.3600000000000E+04 -2.5243548967072E-28
     837  8.3700000000000E+04  8.3700000000000E+04 -2.5243548967072E-28
     838  8.3800000000000E+04  8.3800000000000E+04 -2.5243548967072E-28
     839  8.3900000000000E+04  8.3900000000000E+04 -2.5243548967072E-28
     840  8.4000000000000E+04  8.4000000000000E+04 -2.5243548967072E-28
     841  8.4100000000000E+04  8.4100000000000E+04 -2.5243548967072E-28
     842  8.4200000000000E+04  8.4200000000000E+04 -2.5243548967072E-28
     843  8.4300000000000E+04  8.4300000000000E+04 -2.5243548967072E-28
     844  8.4400000000000E+04  8.4400000000000E+04 -2.5243548967072E-28
     845  8.4500000000000E+04  8.4500000000000E+04 -2.5243548967072E-28
     846  8.4600000000000E+04  8.4600000000000E+04 -2.5243548967072E-28
     847  8.4700000000000E+04  8.4700000000000E+04 -2.5243548967072E-28
     848  8.4800000000000E+04  8.4800000000000E+04 -2.5243548967072E-28
     849  8.4900000000000E+04  8.4900000000000E+04 -2.5243548967072E-28
     850  8.5000000000000E+04  8.5000000000000E+04 -2.5243548967072E-28
     851  8.5100000000000E+04  8.5100000000000E+04 -2.5243548967072E-28
     852  8.5200000000000E+04  8.5200000000000E+04 -2.5243548967072E-28
     853  8.5300000000000E+04  8.5300000000000E+04 -2.5243548967072E-28
     854  8.5400000000000E+04  8.5400000000000E+04 -2.5243548967072E-28
     855  8.5500000000000E+04  8.5500000000000E+04 -2.5243548967072E-28
     856  8.5600000000000E+04  8.5600000000000E+04 -2.5243548967072E-28
     857  8.5700000000000E+04  8.5700000000000E+04 -2.5243548967072E-28
     858  8.5800000000000E+04  8.5800000000000E+04 -2.5243548967072E-28
     859  8.5900000000000E+04  8.5900000000000E+04 -2.5243548967072E-28
     860  8.6000000000000E+04  8.6000000000000E+04 -2.5243548967072E-28
     861  8.6100000000000E+04  8.6100000000000E+04 -2.5243548967072E-28
     862  8.6200000000000E+04  8.6200000000000E+04 -2.5243548967072E-28
     863  8.6300000000000E+04  8.6300000000000E+04 -2.5243548967072E-28
     864  8.6400000000000E+04  8.6400000000000E+04 -2.5243548967072E-28
     865  8.6500000000000E+04  8.6500000000000E+04 -2.5243548967072E-28
     866  8.6600000000000E+04  8.6600000000000E+04 -2.5243548967072E-28
     867  8.6700000000000E+04  8.6700000000000E+04 -2.5243548967072E-28
     868  8.6800000000000E+04  8.6800000000000E+04 -2.5243548967072E-28
     869  8.6900000000000E+04  8.6900000000000E+04 -2.5243548967072E-28
     870  8.7000000000000E+04  8.7000000000000E+04 -2.5243548967072E-28
     871  8.7100000000000E+04  8.7100000000000E+04 -2.5243548967072E-28
     872  8.7200000000000E+04  8.7200000000000E+04 -2.5243548967072E-28
     873  8.7300000000000E+04  8.7300000000000E+04 -2.5243548967072E-28
     874  8.7400000000000E+04  8.7400000000000E+04 -2.5243548967072E-28
     875  8.7500000000000E+04  8.7500000000000E+04 -2.5243548967072E-28
     876  8.7600000000000E+04  8.7600000000000E+04 -2.5243548967072E-28
     877  8.7700000000000E+04  8.7700000000000E+04 -2.5243548967072E-28
     878  8.7800000000000E+04  8.7800000000000E+04 -2.5243548967072E-28
     879  8.7900000000000E+04  8.7900000000000E+04 -2.5243548967072E-28
     880  8.8000000000000E+04  8.8000000000000E+04 -2.5243548967072E-28
     881  8.8100000000000E+04  8.8100000000000E+04 -2.5243548967072E-28
     882  8.8200000000000E+04  8.8200000000000E+04 -2.5243548967072E-28
     883  8.8300000000000E+04  8.8300000000000E+04 -2.5243548967072E-28
     884  8.8400000000000E+04  8.8400000000000E+04 -2.5243548967072E-28
     885  8.8500000000000E+04  8.8500000000000E+04 -2.5243548967072E-28
     886  8.8600000000000E+04  8.8600000000000E+04 -2.5243548967072E-28
     887  8.8700000000000E+04  8.8700000000000E+04 -2.5243548967072E-28
     888  8.8800000000000E+04  8.8800000000000E+04 -2.5243548967072E-28
     889  8.8900000000000E+04  8.8900000000000E+04 -2.5243548967072E-28
     890  8.9000000000000E+04  8.9000000000000E+04 -2.5243548967072E-28
     891  8.9100000000000E+04  8.9100000000000E+04 -2.5243548967072E-28
     892  8.9200000000000E+04  8.9200000000000E+04 -2.5243548967072E-28
     893  8.9300000000000E+04  8.9300000000000E+04 -2.5243548967072E-28
     894  8.9400000000000E+04  8.9400000000000E+04 -2.5243548967072E-28
     895  8.9500000000000E+04  8.9500000000000E+04 -2.5243548967072E-28
     896  8.9600000000000E+04  8.9600000000000E+04 -2.5243548967072E-28
     897  8.9700000000000E+04  8.9700000000000E+04 -2.5243548967072E-28
     898  8.9800000000000E+04  8.9800000000000E+04 -2.5243548967072E-28
     899  8.9900000000000E+04  8.9900000000000E+04 -2.5243548967072E-28
     900  9.0000000000000E+04  9.0000000000000E+04 -2.5243548967072E-28
     901  9.0100000000000E+04  9.0100000000000E+04 -2.5243548967072E-28
     902  9.0200000000000E+04  9.0200000000000E+04 -2.5243548967072E-28
     903  9.0300000000000E+04  9.0300000000000E+04 -2.5243548967072E-28
     904  9.0400000000000E+04  9.0400000000000E+04 -2.5243548967072E-28
     905  9.0500000000000E+04  9.0500000000000E+04 -2.5243548967072E-28
     906  9.0600000000000E+04  9.0600000000000E+04 -2.5243548967072E-28
     907  9.0700000000000E+04  9.0700000000000E+04 -2.5243548967072E-28
     908  9.0800000000000E+04  9.0800000000000E+04 -2.5243548967072E-28
     909  9.0900000000000E+04  9.0900000000000E+04 -2.5243548967072E-28
     910  9.1000000000000E+04  9.1000000000000E+04 -2.5243548967072E-28
     911  9.1100000000000E+04  9.1100000000000E+04 -2.5243548967072E-28
     912  9.1200000000000E+04  9.1200000000000E+04 -2.5243548967072E-28
     913  9.1300000000000E+04  9.1300000000000E+04 -2.5243548967072E-28
     914  9.1400000000000E+04  9.1400000000000E+04 -2.5243548967072E-28
     915  9.1500000000000E+04  9.1500000000000E+04 -2.5243548967072E-28
     916  9.1600000000000E+04  9.1600000000000E+04 -2.5243548967072E-28
     917  9.1700000000000E+04  9.1700000000000E+04 -2.5243548967072E-28
     918  9.1800000000000E+04  9.1800000000000E+04 -2.5243548967072E-28
     919  9.1900000000000E+04  9.1900000000000E+04 -2.5243548967072E-28
     920  9.2000000000000E+04  9.2000000000000E+04 -2.5243548967072E-28
     921  9.2100000000000E+04  9.2100000000000E+04 -2.5243548967072E-28
     922  9.2200000000000E+04  9.2200000000000E+04 -2.5243548967072E-28
     923  9.2300000000000E+04  9.2300000000000E+04 -2.5243548967072E-28
     924  9.2400000000000E+04  9.2400000000000E+04 -2.5243548967072E-28
     925  9.2500000000000E+04  9.2500000000000E+04 -2.5243548967072E-28
     926  9.2600000000000E+04  9.2600000000000E+04 -2.5243548967072E-28
     927  9.2700000000000E+04  9.2700000000000E+04 -2.5243548967072E-28
     928  9.2800000000000E+04  9.2800000000000E+04 -2.5243548967072E-28
     929  9.2900000000000E+04  9.2900000000000E+04 -2.5243548967072E-28
     930  9.3000000000000E+04  9.3000000000000E+04 -2.5243548967072E-28
     931  9.3100000000000E+04  9.3100000000000E+04 -2.5243548967072E-28
     932  9.3200000000000E+04  9.3200000000000E+04 -2.5243548967072E-28
     933  9.3300000000000E+04  9.3300000000000E+04 -2.5243548967072E-28
     934  9.3400000000000E+04  9.3400000000000E+04 -2.5243548967072E-28
     935  9.3500000000000E+04  9.3500000000000E+04 -2.5243548967072E-28
     936  9.3600000000000E+04  9.3600000000000E+04 -2.5243548967072E-28
     937  9.3700000000000E+04  9.3700000000000E+04 -2.5243548967072E-28
     938  9.3800000000000E+04  9.3800000000000E+04 -2.5243548967072E-28
     939  9.3900000000000E+04  9.3900000000000E+04 -2.5243548967072E-28
     940  9.4000000000000E+04  9.4000000000000E+04 -2.5243548967072E-28
     941  9.4100000000000E+04  9.4100000000000E+04 -2.5243548967072E-28
     942  9.4200000000000E+04  9.4200000000000E+04 -2.5243548967072E-28
     943  9.4300000000000E+04  9.4300000000000E+04 -2.5243548967072E-28
     944  9.4400000000000E+04  9.4400000000000E+04 -2.5243548967072E-28
     945  9.4500000000000E+04  9.4500000000000E+04 -2.5243548967072E-28
     946  9.4600000000000E+04  9.4600000000000E+04 -2.5243548967072E-28
     947  9.4700000000000E+04  9.4700000000000E+04 -2.5243548967072E-28
     948  9.4800000000000E+04  9.4800000000000E+04 -2.5243548967072E-28
     949  9.4900000000000E+04  9.4900000000000E+04 -2.5243548967072E-28
     950  9.5000000000000E+04  9.5000000000000E+04 -2.5243548967072E-28
     951  9.5100000000000E+04  9.5100000000000E+04 -2.5243548967072E-28
     952  9.5200000000000E+04  9.5200000000000E+04 -2.5243548967072E-28
     953  9.5300000000000E+04  9.5300000000000E+04 -2.5243548967072E-28
     954  9.5400000000000E+04  9.5400000000000E+04 -2.5243548967072E-28
     955  9.5500000000000E+04  9.5500000000000E+04 -2.5243548967072E-28
     956  9.5600000000000E+04  9.5600000000000E+04 -2.5243548967072E-28
     957  9.5700000000000E+04  9.5700000000000E+04 -2.5243548967072E-28
     958  9.5800000000000E+04  9.5800000000000E+04 -2.5243548967072E-28
     959  9.5900000000000E+04  9.5900000000000E+04 -2.5243548967072E-28
     960  9.6000000000000E+04  9.6000000000000E+04 -2.5243548967072E-28
     961  9.6100000000000E+04  9.6100000000000E+04 -2.5243548967072E-28
     962  9.6200000000000E+04  9.6200000000000E+04 -2.5243548967072E-28
     963  9.6300000000000E+04  9.6300000000000E+04 -2.5243548967072E-28
     964  9.6400000000000E+04  9.6400000000000E+04 -2.5243548967072E-28
     965  9.6500000000000E+04  9.6500000000000E+04 -2.5243548967072E-28
     966  9.6600000000000E+04  9.6600000000000E+04 -2.5243548967072E-28
     967  9.6700000000000E+04  9.6700000000000E+04 -2.5243548967072E-28
     968  9.6800000000000E+04  9.6800000000000E+04 -2.5243548967072E-28
     969  9.6900000000000E+04  9.6900000000000E+04 -2.5243548967072E-28
     970  9.7000000000000E+04  9.7000000000000E+04 -2.5243548967072E-28
     971  9.7100000000000E+04  9.7100000000000E+04 -2.5243548967072E-28
     972  9.7200000000000E+04  9.7200000000000E+04 -2.5243548967072E-28
     973  9.7300000000000E+04  9.7300000000000E+04 -2.5243548967072E-28
     974  9.7400000000000E+04  9.7400000000000E+04 -2.5243548967072E-28
     975  9.7500000000000E+04  9.7500000000000E+04 -2.5243548967072E-28
     976  9.7600000000000E+04  9.7600000000000E+04 -2.5243548967072E-28
     977  9.7700000000000E+04  9.7700000000000E+04 -2.5243548967072E-28
     978  9.7800000000000E+04  9.7800000000000E+04 -2.5243548967072E-28
     979  9.7900000000000E+04  9.7900000000000E+04 -2.5243548967072E-28
     980  9.8000000000000E+04  9.8000000000000E+04 -2.5243548967072E-28
     981  9.8100000000000E+04  9.8100000000000E+04 -2.5243548967072E-28
     982  9.8200000000000E+04  9.8200000000000E+04 -2.5243548967072E-28
     983  9.8300000000000E+04  9.8300000000000E+04 -2.5243548967072E-28
     984  9.8400000000000E+04  9.8400000000000E+04 -2.5243548967072E-28
     985  9.8500000000000E+04  9.8500000000000E+04 -2.5243548967072E-28
     986  9.8600000000000E+04  9.8600000000000E+04 -2.5243548967072E-28
     987  9.8700000000000E+04  9.8700000000000E+04 -2.5243548967072E-28
     988  9.8800000000000E+04  9.8800000000000E+04 -2.5243548967072E-28
     989  9.8900000000000E+04  9.8900000000000E+04 -2.5243548967072E-28
     990  9.9000000000000E+04  9.9000000000000E+04 -2.5243548967072E-28
     991  9.9100000000000E+04  9.9100000000000E+04 -2.5243548967072E-28
     992  9.9200000000000E+04  9.9200000000000E+04 -2.5243548967072E-28
     993  9.9300000000000E+04  9.9300000000000E+04 -2.5243548967072E-28
     994  9.9400000000000E+04  9.9400000000000E+04 -2.5243548967072E-28
     995  9.9500000000000E+04  9.9500000000000E+04 -2.5243548967072E-28
     996  9.9600000000000E+04  9.9600000000000E+04 -2.5243548967072E-28
     997  9.9700000000000E+04  9.9700000000000E+04 -2.5243548967072E-28
     998  9.9800000000000E+04  9.9800000000000E+04 -2.5243548967072E-28
     999  9.9900000000000E+04  9.9900000000000E+04 -2.5243548967072E-28
    1000  1.0000000000000E+05  1.0000000000000E+05 -2.5243548967072E-28
