 # n, n * 0.1_wp , suma1 , ( suma1 - n * 0.1_wp)
    1000  1.0000000000000E+02  1.0000000000000E+02 -1.2202692127638E-30
    2000  2.0000000000000E+02  2.0000000000000E+02 -6.1383239187510E-30
    3000  3.0000000000000E+02  3.0000000000000E+02 -2.4651903288157E-31
    4000  4.0000000000000E+02  4.0000000000000E+02  1.9475003597644E-29
    5000  5.0000000000000E+02  5.0000000000000E+02  3.9196526228169E-29
    6000  6.0000000000000E+02  6.0000000000000E+02  5.8868745052118E-29
    7000  7.0000000000000E+02  7.0000000000000E+02  7.8590267682643E-29
    8000  8.0000000000000E+02  8.0000000000000E+02  9.8311790313169E-29
    9000  9.0000000000000E+02  9.0000000000000E+02  1.1803331294369E-28
   10000  1.0000000000000E+03  1.0000000000000E+03  1.3775483557422E-28
   11000  1.1000000000000E+03  1.1000000000000E+03  8.2435964595596E-29
   12000  1.2000000000000E+03  1.2000000000000E+03  3.5498740734946E-30
   13000  1.3000000000000E+03  1.3000000000000E+03 -7.5336216448607E-29
   14000  1.4000000000000E+03  1.4000000000000E+03 -1.5422230697071E-28
   15000  1.5000000000000E+03  1.5000000000000E+03 -2.3310839749281E-28
   16000  1.6000000000000E+03  1.6000000000000E+03 -3.1199448801491E-28
   17000  1.7000000000000E+03  1.7000000000000E+03 -3.9088057853701E-28
   18000  1.8000000000000E+03  1.8000000000000E+03 -4.6976666905911E-28
   19000  1.9000000000000E+03  1.9000000000000E+03 -5.4865275958121E-28
   20000  2.0000000000000E+03  2.0000000000000E+03 -6.2753885010331E-28
   21000  2.1000000000000E+03  2.1000000000000E+03 -7.0642494062542E-28
   22000  2.2000000000000E+03  2.2000000000000E+03 -7.8531103114752E-28
   23000  2.3000000000000E+03  2.3000000000000E+03 -8.6419712166962E-28
   24000  2.4000000000000E+03  2.4000000000000E+03 -9.4308321219172E-28
   25000  2.5000000000000E+03  2.5000000000000E+03 -1.0219693027138E-27
   26000  2.6000000000000E+03  2.6000000000000E+03 -1.1008553932359E-27
   27000  2.7000000000000E+03  2.7000000000000E+03 -1.1797414837580E-27
   28000  2.8000000000000E+03  2.8000000000000E+03 -1.2586275742801E-27
   29000  2.9000000000000E+03  2.9000000000000E+03 -1.3375136648022E-27
   30000  3.0000000000000E+03  3.0000000000000E+03 -1.4163997553243E-27
   31000  3.1000000000000E+03  3.1000000000000E+03 -1.4952858458464E-27
   32000  3.2000000000000E+03  3.2000000000000E+03 -1.5741719363685E-27
   33000  3.3000000000000E+03  3.3000000000000E+03 -1.6530580268906E-27
   34000  3.4000000000000E+03  3.4000000000000E+03 -1.7319441174127E-27
   35000  3.5000000000000E+03  3.5000000000000E+03 -1.8108302079348E-27
   36000  3.6000000000000E+03  3.6000000000000E+03 -1.8897162984569E-27
   37000  3.7000000000000E+03  3.7000000000000E+03 -1.9686023889790E-27
   38000  3.8000000000000E+03  3.8000000000000E+03 -2.0474884795011E-27
   39000  3.9000000000000E+03  3.9000000000000E+03 -2.1263745700232E-27
   40000  4.0000000000000E+03  4.0000000000000E+03 -2.2052606605453E-27
   41000  4.1000000000000E+03  4.1000000000000E+03 -2.2687639634156E-27
   42000  4.2000000000000E+03  4.2000000000000E+03 -1.9532196013272E-27
   43000  4.3000000000000E+03  4.3000000000000E+03 -1.6376752392388E-27
   44000  4.4000000000000E+03  4.4000000000000E+03 -1.3221308771504E-27
   45000  4.5000000000000E+03  4.5000000000000E+03 -1.0065865150620E-27
   46000  4.6000000000000E+03  4.6000000000000E+03 -6.9104215297361E-28
   47000  4.7000000000000E+03  4.7000000000000E+03 -3.7549779088520E-28
   48000  4.8000000000000E+03  4.8000000000000E+03 -5.9953428796797E-29
   49000  4.9000000000000E+03  4.9000000000000E+03  2.5559093329161E-28
   50000  5.0000000000000E+03  5.0000000000000E+03  5.7113529538001E-28
   51000  5.1000000000000E+03  5.1000000000000E+03  8.8667965746842E-28
   52000  5.2000000000000E+03  5.2000000000000E+03  1.2022240195568E-27
   53000  5.3000000000000E+03  5.3000000000000E+03  1.5177683816452E-27
   54000  5.4000000000000E+03  5.4000000000000E+03  1.8333127437336E-27
   55000  5.5000000000000E+03  5.5000000000000E+03  2.1488571058220E-27
   56000  5.6000000000000E+03  5.6000000000000E+03  2.4644014679104E-27
   57000  5.7000000000000E+03  5.7000000000000E+03  2.7799458299988E-27
   58000  5.8000000000000E+03  5.8000000000000E+03  3.0954901920873E-27
   59000  5.9000000000000E+03  5.9000000000000E+03  3.4110345541757E-27
   60000  6.0000000000000E+03  6.0000000000000E+03  3.7265789162641E-27
   61000  6.1000000000000E+03  6.1000000000000E+03  4.0421232783525E-27
   62000  6.2000000000000E+03  6.2000000000000E+03  4.3576676404409E-27
   63000  6.3000000000000E+03  6.3000000000000E+03  4.6732120025293E-27
   64000  6.4000000000000E+03  6.4000000000000E+03  4.9887563646177E-27
   65000  6.5000000000000E+03  6.5000000000000E+03  5.3043007267061E-27
   66000  6.6000000000000E+03  6.6000000000000E+03  5.6198450887945E-27
   67000  6.7000000000000E+03  6.7000000000000E+03  5.9353894508829E-27
   68000  6.8000000000000E+03  6.8000000000000E+03  6.2509338129713E-27
   69000  6.9000000000000E+03  6.9000000000000E+03  6.5664781750597E-27
   70000  7.0000000000000E+03  7.0000000000000E+03  6.8820225371481E-27
   71000  7.1000000000000E+03  7.1000000000000E+03  7.1975668992365E-27
   72000  7.2000000000000E+03  7.2000000000000E+03  7.5131112613249E-27
   73000  7.3000000000000E+03  7.3000000000000E+03  7.8286556234133E-27
   74000  7.4000000000000E+03  7.4000000000000E+03  8.1441999855017E-27
   75000  7.5000000000000E+03  7.5000000000000E+03  8.4597443475901E-27
   76000  7.6000000000000E+03  7.6000000000000E+03  8.7752887096785E-27
   77000  7.7000000000000E+03  7.7000000000000E+03  9.0908330717669E-27
   78000  7.8000000000000E+03  7.8000000000000E+03  9.4063774338553E-27
   79000  7.9000000000000E+03  7.9000000000000E+03  9.7219217959437E-27
   80000  8.0000000000000E+03  8.0000000000000E+03  1.0037466158032E-26
   81000  8.1000000000000E+03  8.1000000000000E+03  1.0353010520121E-26
   82000  8.2000000000000E+03  8.2000000000000E+03  1.0668554882209E-26
   83000  8.3000000000000E+03  8.3000000000000E+03  1.0984099244297E-26
   84000  8.4000000000000E+03  8.4000000000000E+03  1.1299643606386E-26
   85000  8.5000000000000E+03  8.5000000000000E+03  1.1615187968474E-26
   86000  8.6000000000000E+03  8.6000000000000E+03  1.1930732330563E-26
   87000  8.7000000000000E+03  8.7000000000000E+03  1.2246276692651E-26
   88000  8.8000000000000E+03  8.8000000000000E+03  1.2561821054739E-26
   89000  8.9000000000000E+03  8.9000000000000E+03  1.2877365416828E-26
   90000  9.0000000000000E+03  9.0000000000000E+03  1.3192909778916E-26
   91000  9.1000000000000E+03  9.1000000000000E+03  1.3508454141005E-26
   92000  9.2000000000000E+03  9.2000000000000E+03  1.3823998503093E-26
   93000  9.3000000000000E+03  9.3000000000000E+03  1.4139542865181E-26
   94000  9.4000000000000E+03  9.4000000000000E+03  1.4455087227270E-26
   95000  9.5000000000000E+03  9.5000000000000E+03  1.4770631589358E-26
   96000  9.6000000000000E+03  9.6000000000000E+03  1.5086175951447E-26
   97000  9.7000000000000E+03  9.7000000000000E+03  1.5401720313535E-26
   98000  9.8000000000000E+03  9.8000000000000E+03  1.5717264675623E-26
   99000  9.9000000000000E+03  9.9000000000000E+03  1.6032809037712E-26
  100000  1.0000000000000E+04  1.0000000000000E+04  1.6348353399800E-26
  101000  1.0100000000000E+04  1.0100000000000E+04  1.6663897761889E-26
  102000  1.0200000000000E+04  1.0200000000000E+04  1.6979442123977E-26
  103000  1.0300000000000E+04  1.0300000000000E+04  1.7294986486065E-26
  104000  1.0400000000000E+04  1.0400000000000E+04  1.7610530848154E-26
  105000  1.0500000000000E+04  1.0500000000000E+04  1.7926075210242E-26
  106000  1.0600000000000E+04  1.0600000000000E+04  1.8241619572331E-26
  107000  1.0700000000000E+04  1.0700000000000E+04  1.8557163934419E-26
  108000  1.0800000000000E+04  1.0800000000000E+04  1.8872708296507E-26
  109000  1.0900000000000E+04  1.0900000000000E+04  1.9188252658596E-26
  110000  1.1000000000000E+04  1.1000000000000E+04  1.9503797020684E-26
  111000  1.1100000000000E+04  1.1100000000000E+04  1.9819341382773E-26
  112000  1.1200000000000E+04  1.1200000000000E+04  2.0134885744861E-26
  113000  1.1300000000000E+04  1.1300000000000E+04  2.0450430106950E-26
  114000  1.1400000000000E+04  1.1400000000000E+04  2.0765974469038E-26
  115000  1.1500000000000E+04  1.1500000000000E+04  2.1081518831126E-26
  116000  1.1600000000000E+04  1.1600000000000E+04  2.1397063193215E-26
  117000  1.1700000000000E+04  1.1700000000000E+04  2.1712607555303E-26
  118000  1.1800000000000E+04  1.1800000000000E+04  2.2028151917392E-26
  119000  1.1900000000000E+04  1.1900000000000E+04  2.2343696279480E-26
  120000  1.2000000000000E+04  1.2000000000000E+04  2.2659240641568E-26
  121000  1.2100000000000E+04  1.2100000000000E+04  2.2974785003657E-26
  122000  1.2200000000000E+04  1.2200000000000E+04  2.3290329365745E-26
  123000  1.2300000000000E+04  1.2300000000000E+04  2.3605873727834E-26
  124000  1.2400000000000E+04  1.2400000000000E+04  2.3921418089922E-26
  125000  1.2500000000000E+04  1.2500000000000E+04  2.4236962452010E-26
  126000  1.2600000000000E+04  1.2600000000000E+04  2.4552506814099E-26
  127000  1.2700000000000E+04  1.2700000000000E+04  2.4868051176187E-26
  128000  1.2800000000000E+04  1.2800000000000E+04  2.5183595538276E-26
  129000  1.2900000000000E+04  1.2900000000000E+04  2.5499139900364E-26
  130000  1.3000000000000E+04  1.3000000000000E+04  2.5814684262452E-26
  131000  1.3100000000000E+04  1.3100000000000E+04  2.6130228624541E-26
  132000  1.3200000000000E+04  1.3200000000000E+04  2.6445772986629E-26
  133000  1.3300000000000E+04  1.3300000000000E+04  2.6761317348718E-26
  134000  1.3400000000000E+04  1.3400000000000E+04  2.7076861710806E-26
  135000  1.3500000000000E+04  1.3500000000000E+04  2.7392406072894E-26
  136000  1.3600000000000E+04  1.3600000000000E+04  2.7707950434983E-26
  137000  1.3700000000000E+04  1.3700000000000E+04  2.8023494797071E-26
  138000  1.3800000000000E+04  1.3800000000000E+04  2.8339039159160E-26
  139000  1.3900000000000E+04  1.3900000000000E+04  2.8654583521248E-26
  140000  1.4000000000000E+04  1.4000000000000E+04  2.8970127883336E-26
  141000  1.4100000000000E+04  1.4100000000000E+04  2.9285672245425E-26
  142000  1.4200000000000E+04  1.4200000000000E+04  2.9601216607513E-26
  143000  1.4300000000000E+04  1.4300000000000E+04  2.9916760969602E-26
  144000  1.4400000000000E+04  1.4400000000000E+04  3.0232305331690E-26
  145000  1.4500000000000E+04  1.4500000000000E+04  3.0547849693778E-26
  146000  1.4600000000000E+04  1.4600000000000E+04  3.0863394055867E-26
  147000  1.4700000000000E+04  1.4700000000000E+04  3.1178938417955E-26
  148000  1.4800000000000E+04  1.4800000000000E+04  3.1494482780044E-26
  149000  1.4900000000000E+04  1.4900000000000E+04  3.1810027142132E-26
  150000  1.5000000000000E+04  1.5000000000000E+04  3.2125571504220E-26
  151000  1.5100000000000E+04  1.5100000000000E+04  3.2441115866309E-26
  152000  1.5200000000000E+04  1.5200000000000E+04  3.2756660228397E-26
  153000  1.5300000000000E+04  1.5300000000000E+04  3.3072204590486E-26
  154000  1.5400000000000E+04  1.5400000000000E+04  3.3387748952574E-26
  155000  1.5500000000000E+04  1.5500000000000E+04  3.3703293314663E-26
  156000  1.5600000000000E+04  1.5600000000000E+04  3.4018837676751E-26
  157000  1.5700000000000E+04  1.5700000000000E+04  3.4334382038839E-26
  158000  1.5800000000000E+04  1.5800000000000E+04  3.4649926400928E-26
  159000  1.5900000000000E+04  1.5900000000000E+04  3.4965470763016E-26
  160000  1.6000000000000E+04  1.6000000000000E+04  3.5281015125105E-26
  161000  1.6100000000000E+04  1.6100000000000E+04  3.5596559487193E-26
  162000  1.6200000000000E+04  1.6200000000000E+04  3.5912103849281E-26
  163000  1.6300000000000E+04  1.6300000000000E+04  3.6227648211370E-26
  164000  1.6400000000000E+04  1.6400000000000E+04  3.6290757083787E-26
  165000  1.6500000000000E+04  1.6500000000000E+04  3.5028579635434E-26
  166000  1.6600000000000E+04  1.6600000000000E+04  3.3766402187080E-26
  167000  1.6700000000000E+04  1.6700000000000E+04  3.2504224738727E-26
  168000  1.6800000000000E+04  1.6800000000000E+04  3.1242047290373E-26
  169000  1.6900000000000E+04  1.6900000000000E+04  2.9979869842019E-26
  170000  1.7000000000000E+04  1.7000000000000E+04  2.8717692393666E-26
  171000  1.7100000000000E+04  1.7100000000000E+04  2.7455514945312E-26
  172000  1.7200000000000E+04  1.7200000000000E+04  2.6193337496958E-26
  173000  1.7300000000000E+04  1.7300000000000E+04  2.4931160048605E-26
  174000  1.7400000000000E+04  1.7400000000000E+04  2.3668982600251E-26
  175000  1.7500000000000E+04  1.7500000000000E+04  2.2406805151898E-26
  176000  1.7600000000000E+04  1.7600000000000E+04  2.1144627703544E-26
  177000  1.7700000000000E+04  1.7700000000000E+04  1.9882450255190E-26
  178000  1.7800000000000E+04  1.7800000000000E+04  1.8620272806837E-26
  179000  1.7900000000000E+04  1.7900000000000E+04  1.7358095358483E-26
  180000  1.8000000000000E+04  1.8000000000000E+04  1.6095917910130E-26
  181000  1.8100000000000E+04  1.8100000000000E+04  1.4833740461776E-26
  182000  1.8200000000000E+04  1.8200000000000E+04  1.3571563013422E-26
  183000  1.8300000000000E+04  1.8300000000000E+04  1.2309385565069E-26
  184000  1.8400000000000E+04  1.8400000000000E+04  1.1047208116715E-26
  185000  1.8500000000000E+04  1.8500000000000E+04  9.7850306683614E-27
  186000  1.8600000000000E+04  1.8600000000000E+04  8.5228532200078E-27
  187000  1.8700000000000E+04  1.8700000000000E+04  7.2606757716542E-27
  188000  1.8800000000000E+04  1.8800000000000E+04  5.9984983233006E-27
  189000  1.8900000000000E+04  1.8900000000000E+04  4.7363208749470E-27
  190000  1.9000000000000E+04  1.9000000000000E+04  3.4741434265933E-27
  191000  1.9100000000000E+04  1.9100000000000E+04  2.2119659782397E-27
  192000  1.9200000000000E+04  1.9200000000000E+04  9.4978852988610E-28
  193000  1.9300000000000E+04  1.9300000000000E+04 -3.1238891846752E-28
  194000  1.9400000000000E+04  1.9400000000000E+04 -1.5745663668211E-27
  195000  1.9500000000000E+04  1.9500000000000E+04 -2.8367438151748E-27
  196000  1.9600000000000E+04  1.9600000000000E+04 -4.0989212635284E-27
  197000  1.9700000000000E+04  1.9700000000000E+04 -5.3610987118820E-27
  198000  1.9800000000000E+04  1.9800000000000E+04 -6.6232761602356E-27
  199000  1.9900000000000E+04  1.9900000000000E+04 -7.8854536085892E-27
  200000  2.0000000000000E+04  2.0000000000000E+04 -9.1476310569429E-27
  201000  2.0100000000000E+04  2.0100000000000E+04 -1.0409808505296E-26
  202000  2.0200000000000E+04  2.0200000000000E+04 -1.1671985953650E-26
  203000  2.0300000000000E+04  2.0300000000000E+04 -1.2934163402004E-26
  204000  2.0400000000000E+04  2.0400000000000E+04 -1.4196340850357E-26
  205000  2.0500000000000E+04  2.0500000000000E+04 -1.5458518298711E-26
  206000  2.0600000000000E+04  2.0600000000000E+04 -1.6720695747065E-26
  207000  2.0700000000000E+04  2.0700000000000E+04 -1.7982873195418E-26
  208000  2.0800000000000E+04  2.0800000000000E+04 -1.9245050643772E-26
  209000  2.0900000000000E+04  2.0900000000000E+04 -2.0507228092125E-26
  210000  2.1000000000000E+04  2.1000000000000E+04 -2.1769405540479E-26
  211000  2.1100000000000E+04  2.1100000000000E+04 -2.3031582988833E-26
  212000  2.1200000000000E+04  2.1200000000000E+04 -2.4293760437186E-26
  213000  2.1300000000000E+04  2.1300000000000E+04 -2.5555937885540E-26
  214000  2.1400000000000E+04  2.1400000000000E+04 -2.6818115333894E-26
  215000  2.1500000000000E+04  2.1500000000000E+04 -2.8080292782247E-26
  216000  2.1600000000000E+04  2.1600000000000E+04 -2.9342470230601E-26
  217000  2.1700000000000E+04  2.1700000000000E+04 -3.0604647678954E-26
  218000  2.1800000000000E+04  2.1800000000000E+04 -3.1866825127308E-26
  219000  2.1900000000000E+04  2.1900000000000E+04 -3.3129002575662E-26
  220000  2.2000000000000E+04  2.2000000000000E+04 -3.4391180024015E-26
  221000  2.2100000000000E+04  2.2100000000000E+04 -3.5653357472369E-26
  222000  2.2200000000000E+04  2.2200000000000E+04 -3.6915534920722E-26
  223000  2.2300000000000E+04  2.2300000000000E+04 -3.8177712369076E-26
  224000  2.2400000000000E+04  2.2400000000000E+04 -3.9439889817430E-26
  225000  2.2500000000000E+04  2.2500000000000E+04 -4.0702067265783E-26
  226000  2.2600000000000E+04  2.2600000000000E+04 -4.1964244714137E-26
  227000  2.2700000000000E+04  2.2700000000000E+04 -4.3226422162491E-26
  228000  2.2800000000000E+04  2.2800000000000E+04 -4.4488599610844E-26
  229000  2.2900000000000E+04  2.2900000000000E+04 -4.5750777059198E-26
  230000  2.3000000000000E+04  2.3000000000000E+04 -4.7012954507551E-26
  231000  2.3100000000000E+04  2.3100000000000E+04 -4.8275131955905E-26
  232000  2.3200000000000E+04  2.3200000000000E+04 -4.9537309404259E-26
  233000  2.3300000000000E+04  2.3300000000000E+04 -5.0799486852612E-26
  234000  2.3400000000000E+04  2.3400000000000E+04 -5.2061664300966E-26
  235000  2.3500000000000E+04  2.3500000000000E+04 -5.3323841749320E-26
  236000  2.3600000000000E+04  2.3600000000000E+04 -5.4586019197673E-26
  237000  2.3700000000000E+04  2.3700000000000E+04 -5.5848196646027E-26
  238000  2.3800000000000E+04  2.3800000000000E+04 -5.7110374094380E-26
  239000  2.3900000000000E+04  2.3900000000000E+04 -5.8372551542734E-26
  240000  2.4000000000000E+04  2.4000000000000E+04 -5.9634728991088E-26
  241000  2.4100000000000E+04  2.4100000000000E+04 -6.0896906439441E-26
  242000  2.4200000000000E+04  2.4200000000000E+04 -6.2159083887795E-26
  243000  2.4300000000000E+04  2.4300000000000E+04 -6.3421261336148E-26
  244000  2.4400000000000E+04  2.4400000000000E+04 -6.4683438784502E-26
  245000  2.4500000000000E+04  2.4500000000000E+04 -6.5945616232856E-26
  246000  2.4600000000000E+04  2.4600000000000E+04 -6.7207793681209E-26
  247000  2.4700000000000E+04  2.4700000000000E+04 -6.8469971129563E-26
  248000  2.4800000000000E+04  2.4800000000000E+04 -6.9732148577917E-26
  249000  2.4900000000000E+04  2.4900000000000E+04 -7.0994326026270E-26
  250000  2.5000000000000E+04  2.5000000000000E+04 -7.2256503474624E-26
  251000  2.5100000000000E+04  2.5100000000000E+04 -7.3518680922977E-26
  252000  2.5200000000000E+04  2.5200000000000E+04 -7.4780858371331E-26
  253000  2.5300000000000E+04  2.5300000000000E+04 -7.6043035819685E-26
  254000  2.5400000000000E+04  2.5400000000000E+04 -7.7305213268038E-26
  255000  2.5500000000000E+04  2.5500000000000E+04 -7.8567390716392E-26
  256000  2.5600000000000E+04  2.5600000000000E+04 -7.9829568164746E-26
  257000  2.5700000000000E+04  2.5700000000000E+04 -8.1091745613099E-26
  258000  2.5800000000000E+04  2.5800000000000E+04 -8.2353923061453E-26
  259000  2.5900000000000E+04  2.5900000000000E+04 -8.3616100509806E-26
  260000  2.6000000000000E+04  2.6000000000000E+04 -8.4878277958160E-26
  261000  2.6100000000000E+04  2.6100000000000E+04 -8.6140455406514E-26
  262000  2.6200000000000E+04  2.6200000000000E+04 -8.7402632854867E-26
  263000  2.6300000000000E+04  2.6300000000000E+04 -8.8664810303221E-26
  264000  2.6400000000000E+04  2.6400000000000E+04 -8.9926987751574E-26
  265000  2.6500000000000E+04  2.6500000000000E+04 -9.1189165199928E-26
  266000  2.6600000000000E+04  2.6600000000000E+04 -9.2451342648282E-26
  267000  2.6700000000000E+04  2.6700000000000E+04 -9.3713520096635E-26
  268000  2.6800000000000E+04  2.6800000000000E+04 -9.4975697544989E-26
  269000  2.6900000000000E+04  2.6900000000000E+04 -9.6237874993343E-26
  270000  2.7000000000000E+04  2.7000000000000E+04 -9.7500052441696E-26
  271000  2.7100000000000E+04  2.7100000000000E+04 -9.8762229890050E-26
  272000  2.7200000000000E+04  2.7200000000000E+04 -1.0002440733840E-25
  273000  2.7300000000000E+04  2.7300000000000E+04 -1.0128658478676E-25
  274000  2.7400000000000E+04  2.7400000000000E+04 -1.0254876223511E-25
  275000  2.7500000000000E+04  2.7500000000000E+04 -1.0381093968346E-25
  276000  2.7600000000000E+04  2.7600000000000E+04 -1.0507311713182E-25
  277000  2.7700000000000E+04  2.7700000000000E+04 -1.0633529458017E-25
  278000  2.7800000000000E+04  2.7800000000000E+04 -1.0759747202853E-25
  279000  2.7900000000000E+04  2.7900000000000E+04 -1.0885964947688E-25
  280000  2.8000000000000E+04  2.8000000000000E+04 -1.1012182692523E-25
  281000  2.8100000000000E+04  2.8100000000000E+04 -1.1138400437359E-25
  282000  2.8200000000000E+04  2.8200000000000E+04 -1.1264618182194E-25
  283000  2.8300000000000E+04  2.8300000000000E+04 -1.1390835927029E-25
  284000  2.8400000000000E+04  2.8400000000000E+04 -1.1517053671865E-25
  285000  2.8500000000000E+04  2.8500000000000E+04 -1.1643271416700E-25
  286000  2.8600000000000E+04  2.8600000000000E+04 -1.1769489161535E-25
  287000  2.8700000000000E+04  2.8700000000000E+04 -1.1895706906371E-25
  288000  2.8800000000000E+04  2.8800000000000E+04 -1.2021924651206E-25
  289000  2.8900000000000E+04  2.8900000000000E+04 -1.2148142396041E-25
  290000  2.9000000000000E+04  2.9000000000000E+04 -1.2274360140877E-25
  291000  2.9100000000000E+04  2.9100000000000E+04 -1.2400577885712E-25
  292000  2.9200000000000E+04  2.9200000000000E+04 -1.2526795630548E-25
  293000  2.9300000000000E+04  2.9300000000000E+04 -1.2653013375383E-25
  294000  2.9400000000000E+04  2.9400000000000E+04 -1.2779231120218E-25
  295000  2.9500000000000E+04  2.9500000000000E+04 -1.2905448865054E-25
  296000  2.9600000000000E+04  2.9600000000000E+04 -1.3031666609889E-25
  297000  2.9700000000000E+04  2.9700000000000E+04 -1.3157884354724E-25
  298000  2.9800000000000E+04  2.9800000000000E+04 -1.3284102099560E-25
  299000  2.9900000000000E+04  2.9900000000000E+04 -1.3410319844395E-25
  300000  3.0000000000000E+04  3.0000000000000E+04 -1.3536537589230E-25
  301000  3.0100000000000E+04  3.0100000000000E+04 -1.3662755334066E-25
  302000  3.0200000000000E+04  3.0200000000000E+04 -1.3788973078901E-25
  303000  3.0300000000000E+04  3.0300000000000E+04 -1.3915190823737E-25
  304000  3.0400000000000E+04  3.0400000000000E+04 -1.4041408568572E-25
  305000  3.0500000000000E+04  3.0500000000000E+04 -1.4167626313407E-25
  306000  3.0600000000000E+04  3.0600000000000E+04 -1.4293844058243E-25
  307000  3.0700000000000E+04  3.0700000000000E+04 -1.4420061803078E-25
  308000  3.0800000000000E+04  3.0800000000000E+04 -1.4546279547913E-25
  309000  3.0900000000000E+04  3.0900000000000E+04 -1.4672497292749E-25
  310000  3.1000000000000E+04  3.1000000000000E+04 -1.4798715037584E-25
  311000  3.1100000000000E+04  3.1100000000000E+04 -1.4924932782419E-25
  312000  3.1200000000000E+04  3.1200000000000E+04 -1.5051150527255E-25
  313000  3.1300000000000E+04  3.1300000000000E+04 -1.5177368272090E-25
  314000  3.1400000000000E+04  3.1400000000000E+04 -1.5303586016926E-25
  315000  3.1500000000000E+04  3.1500000000000E+04 -1.5429803761761E-25
  316000  3.1600000000000E+04  3.1600000000000E+04 -1.5556021506596E-25
  317000  3.1700000000000E+04  3.1700000000000E+04 -1.5682239251432E-25
  318000  3.1800000000000E+04  3.1800000000000E+04 -1.5808456996267E-25
  319000  3.1900000000000E+04  3.1900000000000E+04 -1.5934674741102E-25
  320000  3.2000000000000E+04  3.2000000000000E+04 -1.6060892485938E-25
  321000  3.2100000000000E+04  3.2100000000000E+04 -1.6187110230773E-25
  322000  3.2200000000000E+04  3.2200000000000E+04 -1.6313327975608E-25
  323000  3.2300000000000E+04  3.2300000000000E+04 -1.6439545720444E-25
  324000  3.2400000000000E+04  3.2400000000000E+04 -1.6565763465279E-25
  325000  3.2500000000000E+04  3.2500000000000E+04 -1.6691981210115E-25
  326000  3.2600000000000E+04  3.2600000000000E+04 -1.6818198954950E-25
  327000  3.2700000000000E+04  3.2700000000000E+04 -1.6944416699785E-25
  328000  3.2800000000000E+04  3.2800000000000E+04 -1.7070318900259E-25
  329000  3.2900000000000E+04  3.2900000000000E+04 -1.7196536645094E-25
  330000  3.3000000000000E+04  3.3000000000000E+04 -1.7322754389929E-25
  331000  3.3100000000000E+04  3.3100000000000E+04 -1.7448972134765E-25
  332000  3.3200000000000E+04  3.3200000000000E+04 -1.7575189879600E-25
  333000  3.3300000000000E+04  3.3300000000000E+04 -1.7701407624435E-25
  334000  3.3400000000000E+04  3.3400000000000E+04 -1.7827625369271E-25
  335000  3.3500000000000E+04  3.3500000000000E+04 -1.7953843114106E-25
  336000  3.3600000000000E+04  3.3600000000000E+04 -1.8080060858941E-25
  337000  3.3700000000000E+04  3.3700000000000E+04 -1.8206278603777E-25
  338000  3.3800000000000E+04  3.3800000000000E+04 -1.8332496348612E-25
  339000  3.3900000000000E+04  3.3900000000000E+04 -1.8458714093447E-25
  340000  3.4000000000000E+04  3.4000000000000E+04 -1.8584931838283E-25
  341000  3.4100000000000E+04  3.4100000000000E+04 -1.8711149583118E-25
  342000  3.4200000000000E+04  3.4200000000000E+04 -1.8837367327954E-25
  343000  3.4300000000000E+04  3.4300000000000E+04 -1.8963585072789E-25
  344000  3.4400000000000E+04  3.4400000000000E+04 -1.9089802817624E-25
  345000  3.4500000000000E+04  3.4500000000000E+04 -1.9216020562460E-25
  346000  3.4600000000000E+04  3.4600000000000E+04 -1.9342238307295E-25
  347000  3.4700000000000E+04  3.4700000000000E+04 -1.9468456052130E-25
  348000  3.4800000000000E+04  3.4800000000000E+04 -1.9594673796966E-25
  349000  3.4900000000000E+04  3.4900000000000E+04 -1.9720891541801E-25
  350000  3.5000000000000E+04  3.5000000000000E+04 -1.9847109286636E-25
  351000  3.5100000000000E+04  3.5100000000000E+04 -1.9973327031472E-25
  352000  3.5200000000000E+04  3.5200000000000E+04 -2.0099544776307E-25
  353000  3.5300000000000E+04  3.5300000000000E+04 -2.0225762521143E-25
  354000  3.5400000000000E+04  3.5400000000000E+04 -2.0351980265978E-25
  355000  3.5500000000000E+04  3.5500000000000E+04 -2.0478198010813E-25
  356000  3.5600000000000E+04  3.5600000000000E+04 -2.0604415755649E-25
  357000  3.5700000000000E+04  3.5700000000000E+04 -2.0730633500484E-25
  358000  3.5800000000000E+04  3.5800000000000E+04 -2.0856851245319E-25
  359000  3.5900000000000E+04  3.5900000000000E+04 -2.0983068990155E-25
  360000  3.6000000000000E+04  3.6000000000000E+04 -2.1109286734990E-25
  361000  3.6100000000000E+04  3.6100000000000E+04 -2.1235504479825E-25
  362000  3.6200000000000E+04  3.6200000000000E+04 -2.1361722224661E-25
  363000  3.6300000000000E+04  3.6300000000000E+04 -2.1487939969496E-25
  364000  3.6400000000000E+04  3.6400000000000E+04 -2.1614157714332E-25
  365000  3.6500000000000E+04  3.6500000000000E+04 -2.1740375459167E-25
  366000  3.6600000000000E+04  3.6600000000000E+04 -2.1866593204002E-25
  367000  3.6700000000000E+04  3.6700000000000E+04 -2.1992810948838E-25
  368000  3.6800000000000E+04  3.6800000000000E+04 -2.2119028693673E-25
  369000  3.6900000000000E+04  3.6900000000000E+04 -2.2245246438508E-25
  370000  3.7000000000000E+04  3.7000000000000E+04 -2.2371464183344E-25
  371000  3.7100000000000E+04  3.7100000000000E+04 -2.2497681928179E-25
  372000  3.7200000000000E+04  3.7200000000000E+04 -2.2623899673014E-25
  373000  3.7300000000000E+04  3.7300000000000E+04 -2.2750117417850E-25
  374000  3.7400000000000E+04  3.7400000000000E+04 -2.2876335162685E-25
  375000  3.7500000000000E+04  3.7500000000000E+04 -2.3002552907521E-25
  376000  3.7600000000000E+04  3.7600000000000E+04 -2.3128770652356E-25
  377000  3.7700000000000E+04  3.7700000000000E+04 -2.3254988397191E-25
  378000  3.7800000000000E+04  3.7800000000000E+04 -2.3381206142027E-25
  379000  3.7900000000000E+04  3.7900000000000E+04 -2.3507423886862E-25
  380000  3.8000000000000E+04  3.8000000000000E+04 -2.3633641631697E-25
  381000  3.8100000000000E+04  3.8100000000000E+04 -2.3759859376533E-25
  382000  3.8200000000000E+04  3.8200000000000E+04 -2.3886077121368E-25
  383000  3.8300000000000E+04  3.8300000000000E+04 -2.4012294866203E-25
  384000  3.8400000000000E+04  3.8400000000000E+04 -2.4138512611039E-25
  385000  3.8500000000000E+04  3.8500000000000E+04 -2.4264730355874E-25
  386000  3.8600000000000E+04  3.8600000000000E+04 -2.4390948100710E-25
  387000  3.8700000000000E+04  3.8700000000000E+04 -2.4517165845545E-25
  388000  3.8800000000000E+04  3.8800000000000E+04 -2.4643383590380E-25
  389000  3.8900000000000E+04  3.8900000000000E+04 -2.4769601335216E-25
  390000  3.9000000000000E+04  3.9000000000000E+04 -2.4895819080051E-25
  391000  3.9100000000000E+04  3.9100000000000E+04 -2.5022036824886E-25
  392000  3.9200000000000E+04  3.9200000000000E+04 -2.5148254569722E-25
  393000  3.9300000000000E+04  3.9300000000000E+04 -2.5274472314557E-25
  394000  3.9400000000000E+04  3.9400000000000E+04 -2.5400690059392E-25
  395000  3.9500000000000E+04  3.9500000000000E+04 -2.5526907804228E-25
  396000  3.9600000000000E+04  3.9600000000000E+04 -2.5653125549063E-25
  397000  3.9700000000000E+04  3.9700000000000E+04 -2.5779343293898E-25
  398000  3.9800000000000E+04  3.9800000000000E+04 -2.5905561038734E-25
  399000  3.9900000000000E+04  3.9900000000000E+04 -2.6031778783569E-25
  400000  4.0000000000000E+04  4.0000000000000E+04 -2.6157996528405E-25
  401000  4.0100000000000E+04  4.0100000000000E+04 -2.6284214273240E-25
  402000  4.0200000000000E+04  4.0200000000000E+04 -2.6410432018075E-25
  403000  4.0300000000000E+04  4.0300000000000E+04 -2.6536649762911E-25
  404000  4.0400000000000E+04  4.0400000000000E+04 -2.6662867507746E-25
  405000  4.0500000000000E+04  4.0500000000000E+04 -2.6789085252581E-25
  406000  4.0600000000000E+04  4.0600000000000E+04 -2.6915302997417E-25
  407000  4.0700000000000E+04  4.0700000000000E+04 -2.7041520742252E-25
  408000  4.0800000000000E+04  4.0800000000000E+04 -2.7167738487087E-25
  409000  4.0900000000000E+04  4.0900000000000E+04 -2.7293956231923E-25
  410000  4.1000000000000E+04  4.1000000000000E+04 -2.7420173976758E-25
  411000  4.1100000000000E+04  4.1100000000000E+04 -2.7546391721594E-25
  412000  4.1200000000000E+04  4.1200000000000E+04 -2.7672609466429E-25
  413000  4.1300000000000E+04  4.1300000000000E+04 -2.7798827211264E-25
  414000  4.1400000000000E+04  4.1400000000000E+04 -2.7925044956100E-25
  415000  4.1500000000000E+04  4.1500000000000E+04 -2.8051262700935E-25
  416000  4.1600000000000E+04  4.1600000000000E+04 -2.8177480445770E-25
  417000  4.1700000000000E+04  4.1700000000000E+04 -2.8303698190606E-25
  418000  4.1800000000000E+04  4.1800000000000E+04 -2.8429915935441E-25
  419000  4.1900000000000E+04  4.1900000000000E+04 -2.8556133680276E-25
  420000  4.2000000000000E+04  4.2000000000000E+04 -2.8682351425112E-25
  421000  4.2100000000000E+04  4.2100000000000E+04 -2.8808569169947E-25
  422000  4.2200000000000E+04  4.2200000000000E+04 -2.8934786914783E-25
  423000  4.2300000000000E+04  4.2300000000000E+04 -2.9061004659618E-25
  424000  4.2400000000000E+04  4.2400000000000E+04 -2.9187222404453E-25
  425000  4.2500000000000E+04  4.2500000000000E+04 -2.9313440149289E-25
  426000  4.2600000000000E+04  4.2600000000000E+04 -2.9439657894124E-25
  427000  4.2700000000000E+04  4.2700000000000E+04 -2.9565875638959E-25
  428000  4.2800000000000E+04  4.2800000000000E+04 -2.9692093383795E-25
  429000  4.2900000000000E+04  4.2900000000000E+04 -2.9818311128630E-25
  430000  4.3000000000000E+04  4.3000000000000E+04 -2.9944528873465E-25
  431000  4.3100000000000E+04  4.3100000000000E+04 -3.0070746618301E-25
  432000  4.3200000000000E+04  4.3200000000000E+04 -3.0196964363136E-25
  433000  4.3300000000000E+04  4.3300000000000E+04 -3.0323182107972E-25
  434000  4.3400000000000E+04  4.3400000000000E+04 -3.0449399852807E-25
  435000  4.3500000000000E+04  4.3500000000000E+04 -3.0575617597642E-25
  436000  4.3600000000000E+04  4.3600000000000E+04 -3.0701835342478E-25
  437000  4.3700000000000E+04  4.3700000000000E+04 -3.0828053087313E-25
  438000  4.3800000000000E+04  4.3800000000000E+04 -3.0954270832148E-25
  439000  4.3900000000000E+04  4.3900000000000E+04 -3.1080488576984E-25
  440000  4.4000000000000E+04  4.4000000000000E+04 -3.1206706321819E-25
  441000  4.4100000000000E+04  4.4100000000000E+04 -3.1332924066654E-25
  442000  4.4200000000000E+04  4.4200000000000E+04 -3.1459141811490E-25
  443000  4.4300000000000E+04  4.4300000000000E+04 -3.1585359556325E-25
  444000  4.4400000000000E+04  4.4400000000000E+04 -3.1711577301160E-25
  445000  4.4500000000000E+04  4.4500000000000E+04 -3.1837795045996E-25
  446000  4.4600000000000E+04  4.4600000000000E+04 -3.1964012790831E-25
  447000  4.4700000000000E+04  4.4700000000000E+04 -3.2090230535667E-25
  448000  4.4800000000000E+04  4.4800000000000E+04 -3.2216448280502E-25
  449000  4.4900000000000E+04  4.4900000000000E+04 -3.2342666025337E-25
  450000  4.5000000000000E+04  4.5000000000000E+04 -3.2468883770173E-25
  451000  4.5100000000000E+04  4.5100000000000E+04 -3.2595101515008E-25
  452000  4.5200000000000E+04  4.5200000000000E+04 -3.2721319259843E-25
  453000  4.5300000000000E+04  4.5300000000000E+04 -3.2847537004679E-25
  454000  4.5400000000000E+04  4.5400000000000E+04 -3.2973754749514E-25
  455000  4.5500000000000E+04  4.5500000000000E+04 -3.3099972494349E-25
  456000  4.5600000000000E+04  4.5600000000000E+04 -3.3226190239185E-25
  457000  4.5700000000000E+04  4.5700000000000E+04 -3.3352407984020E-25
  458000  4.5800000000000E+04  4.5800000000000E+04 -3.3478625728856E-25
  459000  4.5900000000000E+04  4.5900000000000E+04 -3.3604843473691E-25
  460000  4.6000000000000E+04  4.6000000000000E+04 -3.3731061218526E-25
  461000  4.6100000000000E+04  4.6100000000000E+04 -3.3857278963362E-25
  462000  4.6200000000000E+04  4.6200000000000E+04 -3.3983496708197E-25
  463000  4.6300000000000E+04  4.6300000000000E+04 -3.4109714453032E-25
  464000  4.6400000000000E+04  4.6400000000000E+04 -3.4235932197868E-25
  465000  4.6500000000000E+04  4.6500000000000E+04 -3.4362149942703E-25
  466000  4.6600000000000E+04  4.6600000000000E+04 -3.4488367687538E-25
  467000  4.6700000000000E+04  4.6700000000000E+04 -3.4614585432374E-25
  468000  4.6800000000000E+04  4.6800000000000E+04 -3.4740803177209E-25
  469000  4.6900000000000E+04  4.6900000000000E+04 -3.4867020922045E-25
  470000  4.7000000000000E+04  4.7000000000000E+04 -3.4993238666880E-25
  471000  4.7100000000000E+04  4.7100000000000E+04 -3.5119456411715E-25
  472000  4.7200000000000E+04  4.7200000000000E+04 -3.5245674156551E-25
  473000  4.7300000000000E+04  4.7300000000000E+04 -3.5371891901386E-25
  474000  4.7400000000000E+04  4.7400000000000E+04 -3.5498109646221E-25
  475000  4.7500000000000E+04  4.7500000000000E+04 -3.5624327391057E-25
  476000  4.7600000000000E+04  4.7600000000000E+04 -3.5750545135892E-25
  477000  4.7700000000000E+04  4.7700000000000E+04 -3.5876762880727E-25
  478000  4.7800000000000E+04  4.7800000000000E+04 -3.6002980625563E-25
  479000  4.7900000000000E+04  4.7900000000000E+04 -3.6129198370398E-25
  480000  4.8000000000000E+04  4.8000000000000E+04 -3.6255416115234E-25
  481000  4.8100000000000E+04  4.8100000000000E+04 -3.6381633860069E-25
  482000  4.8200000000000E+04  4.8200000000000E+04 -3.6507851604904E-25
  483000  4.8300000000000E+04  4.8300000000000E+04 -3.6634069349740E-25
  484000  4.8400000000000E+04  4.8400000000000E+04 -3.6760287094575E-25
  485000  4.8500000000000E+04  4.8500000000000E+04 -3.6886504839410E-25
  486000  4.8600000000000E+04  4.8600000000000E+04 -3.7012722584246E-25
  487000  4.8700000000000E+04  4.8700000000000E+04 -3.7138940329081E-25
  488000  4.8800000000000E+04  4.8800000000000E+04 -3.7265158073916E-25
  489000  4.8900000000000E+04  4.8900000000000E+04 -3.7391375818752E-25
  490000  4.9000000000000E+04  4.9000000000000E+04 -3.7517593563587E-25
  491000  4.9100000000000E+04  4.9100000000000E+04 -3.7643811308423E-25
  492000  4.9200000000000E+04  4.9200000000000E+04 -3.7770029053258E-25
  493000  4.9300000000000E+04  4.9300000000000E+04 -3.7896246798093E-25
  494000  4.9400000000000E+04  4.9400000000000E+04 -3.8022464542929E-25
  495000  4.9500000000000E+04  4.9500000000000E+04 -3.8148682287764E-25
  496000  4.9600000000000E+04  4.9600000000000E+04 -3.8274900032599E-25
  497000  4.9700000000000E+04  4.9700000000000E+04 -3.8401117777435E-25
  498000  4.9800000000000E+04  4.9800000000000E+04 -3.8527335522270E-25
  499000  4.9900000000000E+04  4.9900000000000E+04 -3.8653553267105E-25
  500000  5.0000000000000E+04  5.0000000000000E+04 -3.8779771011941E-25
  501000  5.0100000000000E+04  5.0100000000000E+04 -3.8905988756776E-25
  502000  5.0200000000000E+04  5.0200000000000E+04 -3.9032206501611E-25
  503000  5.0300000000000E+04  5.0300000000000E+04 -3.9158424246447E-25
  504000  5.0400000000000E+04  5.0400000000000E+04 -3.9284641991282E-25
  505000  5.0500000000000E+04  5.0500000000000E+04 -3.9410859736118E-25
  506000  5.0600000000000E+04  5.0600000000000E+04 -3.9537077480953E-25
  507000  5.0700000000000E+04  5.0700000000000E+04 -3.9663295225788E-25
  508000  5.0800000000000E+04  5.0800000000000E+04 -3.9789512970624E-25
  509000  5.0900000000000E+04  5.0900000000000E+04 -3.9915730715459E-25
  510000  5.1000000000000E+04  5.1000000000000E+04 -4.0041948460294E-25
  511000  5.1100000000000E+04  5.1100000000000E+04 -4.0168166205130E-25
  512000  5.1200000000000E+04  5.1200000000000E+04 -4.0294383949965E-25
  513000  5.1300000000000E+04  5.1300000000000E+04 -4.0420601694800E-25
  514000  5.1400000000000E+04  5.1400000000000E+04 -4.0546819439636E-25
  515000  5.1500000000000E+04  5.1500000000000E+04 -4.0673037184471E-25
  516000  5.1600000000000E+04  5.1600000000000E+04 -4.0799254929307E-25
  517000  5.1700000000000E+04  5.1700000000000E+04 -4.0925472674142E-25
  518000  5.1800000000000E+04  5.1800000000000E+04 -4.1051690418977E-25
  519000  5.1900000000000E+04  5.1900000000000E+04 -4.1177908163813E-25
  520000  5.2000000000000E+04  5.2000000000000E+04 -4.1304125908648E-25
  521000  5.2100000000000E+04  5.2100000000000E+04 -4.1430343653483E-25
  522000  5.2200000000000E+04  5.2200000000000E+04 -4.1556561398319E-25
  523000  5.2300000000000E+04  5.2300000000000E+04 -4.1682779143154E-25
  524000  5.2400000000000E+04  5.2400000000000E+04 -4.1808996887989E-25
  525000  5.2500000000000E+04  5.2500000000000E+04 -4.1935214632825E-25
  526000  5.2600000000000E+04  5.2600000000000E+04 -4.2061432377660E-25
  527000  5.2700000000000E+04  5.2700000000000E+04 -4.2187650122496E-25
  528000  5.2800000000000E+04  5.2800000000000E+04 -4.2313867867331E-25
  529000  5.2900000000000E+04  5.2900000000000E+04 -4.2440085612166E-25
  530000  5.3000000000000E+04  5.3000000000000E+04 -4.2566303357002E-25
  531000  5.3100000000000E+04  5.3100000000000E+04 -4.2692521101837E-25
  532000  5.3200000000000E+04  5.3200000000000E+04 -4.2818738846672E-25
  533000  5.3300000000000E+04  5.3300000000000E+04 -4.2944956591508E-25
  534000  5.3400000000000E+04  5.3400000000000E+04 -4.3071174336343E-25
  535000  5.3500000000000E+04  5.3500000000000E+04 -4.3197392081178E-25
  536000  5.3600000000000E+04  5.3600000000000E+04 -4.3323609826014E-25
  537000  5.3700000000000E+04  5.3700000000000E+04 -4.3449827570849E-25
  538000  5.3800000000000E+04  5.3800000000000E+04 -4.3576045315685E-25
  539000  5.3900000000000E+04  5.3900000000000E+04 -4.3702263060520E-25
  540000  5.4000000000000E+04  5.4000000000000E+04 -4.3828480805355E-25
  541000  5.4100000000000E+04  5.4100000000000E+04 -4.3954698550191E-25
  542000  5.4200000000000E+04  5.4200000000000E+04 -4.4080916295026E-25
  543000  5.4300000000000E+04  5.4300000000000E+04 -4.4207134039861E-25
  544000  5.4400000000000E+04  5.4400000000000E+04 -4.4333351784697E-25
  545000  5.4500000000000E+04  5.4500000000000E+04 -4.4459569529532E-25
  546000  5.4600000000000E+04  5.4600000000000E+04 -4.4585787274367E-25
  547000  5.4700000000000E+04  5.4700000000000E+04 -4.4712005019203E-25
  548000  5.4800000000000E+04  5.4800000000000E+04 -4.4838222764038E-25
  549000  5.4900000000000E+04  5.4900000000000E+04 -4.4964440508873E-25
  550000  5.5000000000000E+04  5.5000000000000E+04 -4.5090658253709E-25
  551000  5.5100000000000E+04  5.5100000000000E+04 -4.5216875998544E-25
  552000  5.5200000000000E+04  5.5200000000000E+04 -4.5343093743380E-25
  553000  5.5300000000000E+04  5.5300000000000E+04 -4.5469311488215E-25
  554000  5.5400000000000E+04  5.5400000000000E+04 -4.5595529233050E-25
  555000  5.5500000000000E+04  5.5500000000000E+04 -4.5721746977886E-25
  556000  5.5600000000000E+04  5.5600000000000E+04 -4.5847964722721E-25
  557000  5.5700000000000E+04  5.5700000000000E+04 -4.5974182467556E-25
  558000  5.5800000000000E+04  5.5800000000000E+04 -4.6100400212392E-25
  559000  5.5900000000000E+04  5.5900000000000E+04 -4.6226617957227E-25
  560000  5.6000000000000E+04  5.6000000000000E+04 -4.6352835702062E-25
  561000  5.6100000000000E+04  5.6100000000000E+04 -4.6479053446898E-25
  562000  5.6200000000000E+04  5.6200000000000E+04 -4.6605271191733E-25
  563000  5.6300000000000E+04  5.6300000000000E+04 -4.6731488936569E-25
  564000  5.6400000000000E+04  5.6400000000000E+04 -4.6857706681404E-25
  565000  5.6500000000000E+04  5.6500000000000E+04 -4.6983924426239E-25
  566000  5.6600000000000E+04  5.6600000000000E+04 -4.7110142171075E-25
  567000  5.6700000000000E+04  5.6700000000000E+04 -4.7236359915910E-25
  568000  5.6800000000000E+04  5.6800000000000E+04 -4.7362577660745E-25
  569000  5.6900000000000E+04  5.6900000000000E+04 -4.7488795405581E-25
  570000  5.7000000000000E+04  5.7000000000000E+04 -4.7615013150416E-25
  571000  5.7100000000000E+04  5.7100000000000E+04 -4.7741230895251E-25
  572000  5.7200000000000E+04  5.7200000000000E+04 -4.7867448640087E-25
  573000  5.7300000000000E+04  5.7300000000000E+04 -4.7993666384922E-25
  574000  5.7400000000000E+04  5.7400000000000E+04 -4.8119884129758E-25
  575000  5.7500000000000E+04  5.7500000000000E+04 -4.8246101874593E-25
  576000  5.7600000000000E+04  5.7600000000000E+04 -4.8372319619428E-25
  577000  5.7700000000000E+04  5.7700000000000E+04 -4.8498537364264E-25
  578000  5.7800000000000E+04  5.7800000000000E+04 -4.8624755109099E-25
  579000  5.7900000000000E+04  5.7900000000000E+04 -4.8750972853934E-25
  580000  5.8000000000000E+04  5.8000000000000E+04 -4.8877190598770E-25
  581000  5.8100000000000E+04  5.8100000000000E+04 -4.9003408343605E-25
  582000  5.8200000000000E+04  5.8200000000000E+04 -4.9129626088440E-25
  583000  5.8300000000000E+04  5.8300000000000E+04 -4.9255843833276E-25
  584000  5.8400000000000E+04  5.8400000000000E+04 -4.9382061578111E-25
  585000  5.8500000000000E+04  5.8500000000000E+04 -4.9508279322947E-25
  586000  5.8600000000000E+04  5.8600000000000E+04 -4.9634497067782E-25
  587000  5.8700000000000E+04  5.8700000000000E+04 -4.9760714812617E-25
  588000  5.8800000000000E+04  5.8800000000000E+04 -4.9886932557453E-25
  589000  5.8900000000000E+04  5.8900000000000E+04 -5.0013150302288E-25
  590000  5.9000000000000E+04  5.9000000000000E+04 -5.0139368047123E-25
  591000  5.9100000000000E+04  5.9100000000000E+04 -5.0265585791959E-25
  592000  5.9200000000000E+04  5.9200000000000E+04 -5.0391803536794E-25
  593000  5.9300000000000E+04  5.9300000000000E+04 -5.0518021281629E-25
  594000  5.9400000000000E+04  5.9400000000000E+04 -5.0644239026465E-25
  595000  5.9500000000000E+04  5.9500000000000E+04 -5.0770456771300E-25
  596000  5.9600000000000E+04  5.9600000000000E+04 -5.0896674516136E-25
  597000  5.9700000000000E+04  5.9700000000000E+04 -5.1022892260971E-25
  598000  5.9800000000000E+04  5.9800000000000E+04 -5.1149110005806E-25
  599000  5.9900000000000E+04  5.9900000000000E+04 -5.1275327750642E-25
  600000  6.0000000000000E+04  6.0000000000000E+04 -5.1401545495477E-25
  601000  6.0100000000000E+04  6.0100000000000E+04 -5.1527763240312E-25
  602000  6.0200000000000E+04  6.0200000000000E+04 -5.1653980985148E-25
  603000  6.0300000000000E+04  6.0300000000000E+04 -5.1780198729983E-25
  604000  6.0400000000000E+04  6.0400000000000E+04 -5.1906416474818E-25
  605000  6.0500000000000E+04  6.0500000000000E+04 -5.2032634219654E-25
  606000  6.0600000000000E+04  6.0600000000000E+04 -5.2158851964489E-25
  607000  6.0700000000000E+04  6.0700000000000E+04 -5.2285069709324E-25
  608000  6.0800000000000E+04  6.0800000000000E+04 -5.2411287454160E-25
  609000  6.0900000000000E+04  6.0900000000000E+04 -5.2537505198995E-25
  610000  6.1000000000000E+04  6.1000000000000E+04 -5.2663722943831E-25
  611000  6.1100000000000E+04  6.1100000000000E+04 -5.2789940688666E-25
  612000  6.1200000000000E+04  6.1200000000000E+04 -5.2916158433501E-25
  613000  6.1300000000000E+04  6.1300000000000E+04 -5.3042376178337E-25
  614000  6.1400000000000E+04  6.1400000000000E+04 -5.3168593923172E-25
  615000  6.1500000000000E+04  6.1500000000000E+04 -5.3294811668007E-25
  616000  6.1600000000000E+04  6.1600000000000E+04 -5.3421029412843E-25
  617000  6.1700000000000E+04  6.1700000000000E+04 -5.3547247157678E-25
  618000  6.1800000000000E+04  6.1800000000000E+04 -5.3673464902513E-25
  619000  6.1900000000000E+04  6.1900000000000E+04 -5.3799682647349E-25
  620000  6.2000000000000E+04  6.2000000000000E+04 -5.3925900392184E-25
  621000  6.2100000000000E+04  6.2100000000000E+04 -5.4052118137020E-25
  622000  6.2200000000000E+04  6.2200000000000E+04 -5.4178335881855E-25
  623000  6.2300000000000E+04  6.2300000000000E+04 -5.4304553626690E-25
  624000  6.2400000000000E+04  6.2400000000000E+04 -5.4430771371526E-25
  625000  6.2500000000000E+04  6.2500000000000E+04 -5.4556989116361E-25
  626000  6.2600000000000E+04  6.2600000000000E+04 -5.4683206861196E-25
  627000  6.2700000000000E+04  6.2700000000000E+04 -5.4809424606032E-25
  628000  6.2800000000000E+04  6.2800000000000E+04 -5.4935642350867E-25
  629000  6.2900000000000E+04  6.2900000000000E+04 -5.5061860095702E-25
  630000  6.3000000000000E+04  6.3000000000000E+04 -5.5188077840538E-25
  631000  6.3100000000000E+04  6.3100000000000E+04 -5.5314295585373E-25
  632000  6.3200000000000E+04  6.3200000000000E+04 -5.5440513330209E-25
  633000  6.3300000000000E+04  6.3300000000000E+04 -5.5566731075044E-25
  634000  6.3400000000000E+04  6.3400000000000E+04 -5.5692948819879E-25
  635000  6.3500000000000E+04  6.3500000000000E+04 -5.5819166564715E-25
  636000  6.3600000000000E+04  6.3600000000000E+04 -5.5945384309550E-25
  637000  6.3700000000000E+04  6.3700000000000E+04 -5.6071602054385E-25
  638000  6.3800000000000E+04  6.3800000000000E+04 -5.6197819799221E-25
  639000  6.3900000000000E+04  6.3900000000000E+04 -5.6324037544056E-25
  640000  6.4000000000000E+04  6.4000000000000E+04 -5.6450255288891E-25
  641000  6.4100000000000E+04  6.4100000000000E+04 -5.6576473033727E-25
  642000  6.4200000000000E+04  6.4200000000000E+04 -5.6702690778562E-25
  643000  6.4300000000000E+04  6.4300000000000E+04 -5.6828908523398E-25
  644000  6.4400000000000E+04  6.4400000000000E+04 -5.6955126268233E-25
  645000  6.4500000000000E+04  6.4500000000000E+04 -5.7081344013068E-25
  646000  6.4600000000000E+04  6.4600000000000E+04 -5.7207561757904E-25
  647000  6.4700000000000E+04  6.4700000000000E+04 -5.7333779502739E-25
  648000  6.4800000000000E+04  6.4800000000000E+04 -5.7459997247574E-25
  649000  6.4900000000000E+04  6.4900000000000E+04 -5.7586214992410E-25
  650000  6.5000000000000E+04  6.5000000000000E+04 -5.7712432737245E-25
  651000  6.5100000000000E+04  6.5100000000000E+04 -5.7838650482080E-25
  652000  6.5200000000000E+04  6.5200000000000E+04 -5.7964868226916E-25
  653000  6.5300000000000E+04  6.5300000000000E+04 -5.8091085971751E-25
  654000  6.5400000000000E+04  6.5400000000000E+04 -5.8217303716586E-25
  655000  6.5500000000000E+04  6.5500000000000E+04 -5.8343521461422E-25
  656000  6.5600000000000E+04  6.5600000000000E+04 -5.8066473511508E-25
  657000  6.5700000000000E+04  6.5700000000000E+04 -5.7561602532167E-25
  658000  6.5800000000000E+04  6.5800000000000E+04 -5.7056731552825E-25
  659000  6.5900000000000E+04  6.5900000000000E+04 -5.6551860573484E-25
  660000  6.6000000000000E+04  6.6000000000000E+04 -5.6046989594142E-25
  661000  6.6100000000000E+04  6.6100000000000E+04 -5.5542118614801E-25
  662000  6.6200000000000E+04  6.6200000000000E+04 -5.5037247635460E-25
  663000  6.6300000000000E+04  6.6300000000000E+04 -5.4532376656118E-25
  664000  6.6400000000000E+04  6.6400000000000E+04 -5.4027505676777E-25
  665000  6.6500000000000E+04  6.6500000000000E+04 -5.3522634697435E-25
  666000  6.6600000000000E+04  6.6600000000000E+04 -5.3017763718094E-25
  667000  6.6700000000000E+04  6.6700000000000E+04 -5.2512892738752E-25
  668000  6.6800000000000E+04  6.6800000000000E+04 -5.2008021759411E-25
  669000  6.6900000000000E+04  6.6900000000000E+04 -5.1503150780069E-25
  670000  6.7000000000000E+04  6.7000000000000E+04 -5.0998279800728E-25
  671000  6.7100000000000E+04  6.7100000000000E+04 -5.0493408821387E-25
  672000  6.7200000000000E+04  6.7200000000000E+04 -4.9988537842045E-25
  673000  6.7300000000000E+04  6.7300000000000E+04 -4.9483666862704E-25
  674000  6.7400000000000E+04  6.7400000000000E+04 -4.8978795883362E-25
  675000  6.7500000000000E+04  6.7500000000000E+04 -4.8473924904021E-25
  676000  6.7600000000000E+04  6.7600000000000E+04 -4.7969053924679E-25
  677000  6.7700000000000E+04  6.7700000000000E+04 -4.7464182945338E-25
  678000  6.7800000000000E+04  6.7800000000000E+04 -4.6959311965996E-25
  679000  6.7900000000000E+04  6.7900000000000E+04 -4.6454440986655E-25
  680000  6.8000000000000E+04  6.8000000000000E+04 -4.5949570007313E-25
  681000  6.8100000000000E+04  6.8100000000000E+04 -4.5444699027972E-25
  682000  6.8200000000000E+04  6.8200000000000E+04 -4.4939828048631E-25
  683000  6.8300000000000E+04  6.8300000000000E+04 -4.4434957069289E-25
  684000  6.8400000000000E+04  6.8400000000000E+04 -4.3930086089948E-25
  685000  6.8500000000000E+04  6.8500000000000E+04 -4.3425215110606E-25
  686000  6.8600000000000E+04  6.8600000000000E+04 -4.2920344131265E-25
  687000  6.8700000000000E+04  6.8700000000000E+04 -4.2415473151923E-25
  688000  6.8800000000000E+04  6.8800000000000E+04 -4.1910602172582E-25
  689000  6.8900000000000E+04  6.8900000000000E+04 -4.1405731193240E-25
  690000  6.9000000000000E+04  6.9000000000000E+04 -4.0900860213899E-25
  691000  6.9100000000000E+04  6.9100000000000E+04 -4.0395989234558E-25
  692000  6.9200000000000E+04  6.9200000000000E+04 -3.9891118255216E-25
  693000  6.9300000000000E+04  6.9300000000000E+04 -3.9386247275875E-25
  694000  6.9400000000000E+04  6.9400000000000E+04 -3.8881376296533E-25
  695000  6.9500000000000E+04  6.9500000000000E+04 -3.8376505317192E-25
  696000  6.9600000000000E+04  6.9600000000000E+04 -3.7871634337850E-25
  697000  6.9700000000000E+04  6.9700000000000E+04 -3.7366763358509E-25
  698000  6.9800000000000E+04  6.9800000000000E+04 -3.6861892379167E-25
  699000  6.9900000000000E+04  6.9900000000000E+04 -3.6357021399826E-25
  700000  7.0000000000000E+04  7.0000000000000E+04 -3.5852150420485E-25
  701000  7.0100000000000E+04  7.0100000000000E+04 -3.5347279441143E-25
  702000  7.0200000000000E+04  7.0200000000000E+04 -3.4842408461802E-25
  703000  7.0300000000000E+04  7.0300000000000E+04 -3.4337537482460E-25
  704000  7.0400000000000E+04  7.0400000000000E+04 -3.3832666503119E-25
  705000  7.0500000000000E+04  7.0500000000000E+04 -3.3327795523777E-25
  706000  7.0600000000000E+04  7.0600000000000E+04 -3.2822924544436E-25
  707000  7.0700000000000E+04  7.0700000000000E+04 -3.2318053565094E-25
  708000  7.0800000000000E+04  7.0800000000000E+04 -3.1813182585753E-25
  709000  7.0900000000000E+04  7.0900000000000E+04 -3.1308311606412E-25
  710000  7.1000000000000E+04  7.1000000000000E+04 -3.0803440627070E-25
  711000  7.1100000000000E+04  7.1100000000000E+04 -3.0298569647729E-25
  712000  7.1200000000000E+04  7.1200000000000E+04 -2.9793698668387E-25
  713000  7.1300000000000E+04  7.1300000000000E+04 -2.9288827689046E-25
  714000  7.1400000000000E+04  7.1400000000000E+04 -2.8783956709704E-25
  715000  7.1500000000000E+04  7.1500000000000E+04 -2.8279085730363E-25
  716000  7.1600000000000E+04  7.1600000000000E+04 -2.7774214751021E-25
  717000  7.1700000000000E+04  7.1700000000000E+04 -2.7269343771680E-25
  718000  7.1800000000000E+04  7.1800000000000E+04 -2.6764472792338E-25
  719000  7.1900000000000E+04  7.1900000000000E+04 -2.6259601812997E-25
  720000  7.2000000000000E+04  7.2000000000000E+04 -2.5754730833656E-25
  721000  7.2100000000000E+04  7.2100000000000E+04 -2.5249859854314E-25
  722000  7.2200000000000E+04  7.2200000000000E+04 -2.4744988874973E-25
  723000  7.2300000000000E+04  7.2300000000000E+04 -2.4240117895631E-25
  724000  7.2400000000000E+04  7.2400000000000E+04 -2.3735246916290E-25
  725000  7.2500000000000E+04  7.2500000000000E+04 -2.3230375936948E-25
  726000  7.2600000000000E+04  7.2600000000000E+04 -2.2725504957607E-25
  727000  7.2700000000000E+04  7.2700000000000E+04 -2.2220633978265E-25
  728000  7.2800000000000E+04  7.2800000000000E+04 -2.1715762998924E-25
  729000  7.2900000000000E+04  7.2900000000000E+04 -2.1210892019583E-25
  730000  7.3000000000000E+04  7.3000000000000E+04 -2.0706021040241E-25
  731000  7.3100000000000E+04  7.3100000000000E+04 -2.0201150060900E-25
  732000  7.3200000000000E+04  7.3200000000000E+04 -1.9696279081558E-25
  733000  7.3300000000000E+04  7.3300000000000E+04 -1.9191408102217E-25
  734000  7.3400000000000E+04  7.3400000000000E+04 -1.8686537122875E-25
  735000  7.3500000000000E+04  7.3500000000000E+04 -1.8181666143534E-25
  736000  7.3600000000000E+04  7.3600000000000E+04 -1.7676795164192E-25
  737000  7.3700000000000E+04  7.3700000000000E+04 -1.7171924184851E-25
  738000  7.3800000000000E+04  7.3800000000000E+04 -1.6667053205510E-25
  739000  7.3900000000000E+04  7.3900000000000E+04 -1.6162182226168E-25
  740000  7.4000000000000E+04  7.4000000000000E+04 -1.5657311246827E-25
  741000  7.4100000000000E+04  7.4100000000000E+04 -1.5152440267485E-25
  742000  7.4200000000000E+04  7.4200000000000E+04 -1.4647569288144E-25
  743000  7.4300000000000E+04  7.4300000000000E+04 -1.4142698308802E-25
  744000  7.4400000000000E+04  7.4400000000000E+04 -1.3637827329461E-25
  745000  7.4500000000000E+04  7.4500000000000E+04 -1.3132956350119E-25
  746000  7.4600000000000E+04  7.4600000000000E+04 -1.2628085370778E-25
  747000  7.4700000000000E+04  7.4700000000000E+04 -1.2123214391437E-25
  748000  7.4800000000000E+04  7.4800000000000E+04 -1.1618343412095E-25
  749000  7.4900000000000E+04  7.4900000000000E+04 -1.1113472432754E-25
  750000  7.5000000000000E+04  7.5000000000000E+04 -1.0608601453412E-25
  751000  7.5100000000000E+04  7.5100000000000E+04 -1.0103730474071E-25
  752000  7.5200000000000E+04  7.5200000000000E+04 -9.5988594947293E-26
  753000  7.5300000000000E+04  7.5300000000000E+04 -9.0939885153878E-26
  754000  7.5400000000000E+04  7.5400000000000E+04 -8.5891175360464E-26
  755000  7.5500000000000E+04  7.5500000000000E+04 -8.0842465567049E-26
  756000  7.5600000000000E+04  7.5600000000000E+04 -7.5793755773635E-26
  757000  7.5700000000000E+04  7.5700000000000E+04 -7.0745045980220E-26
  758000  7.5800000000000E+04  7.5800000000000E+04 -6.5696336186806E-26
  759000  7.5900000000000E+04  7.5900000000000E+04 -6.0647626393391E-26
  760000  7.6000000000000E+04  7.6000000000000E+04 -5.5598916599977E-26
  761000  7.6100000000000E+04  7.6100000000000E+04 -5.0550206806562E-26
  762000  7.6200000000000E+04  7.6200000000000E+04 -4.5501497013148E-26
  763000  7.6300000000000E+04  7.6300000000000E+04 -4.0452787219733E-26
  764000  7.6400000000000E+04  7.6400000000000E+04 -3.5404077426319E-26
  765000  7.6500000000000E+04  7.6500000000000E+04 -3.0355367632905E-26
  766000  7.6600000000000E+04  7.6600000000000E+04 -2.5306657839490E-26
  767000  7.6700000000000E+04  7.6700000000000E+04 -2.0257948046076E-26
  768000  7.6800000000000E+04  7.6800000000000E+04 -1.5209238252661E-26
  769000  7.6900000000000E+04  7.6900000000000E+04 -1.0160528459247E-26
  770000  7.7000000000000E+04  7.7000000000000E+04 -5.1118186658322E-27
  771000  7.7100000000000E+04  7.7100000000000E+04 -6.3108872417681E-29
  772000  7.7200000000000E+04  7.7200000000000E+04  4.9856009209968E-27
  773000  7.7300000000000E+04  7.7300000000000E+04  1.0034310714411E-26
  774000  7.7400000000000E+04  7.7400000000000E+04  1.5083020507826E-26
  775000  7.7500000000000E+04  7.7500000000000E+04  2.0131730301240E-26
  776000  7.7600000000000E+04  7.7600000000000E+04  2.5180440094655E-26
  777000  7.7700000000000E+04  7.7700000000000E+04  3.0229149888069E-26
  778000  7.7800000000000E+04  7.7800000000000E+04  3.5277859681484E-26
  779000  7.7900000000000E+04  7.7900000000000E+04  4.0326569474898E-26
  780000  7.8000000000000E+04  7.8000000000000E+04  4.5375279268313E-26
  781000  7.8100000000000E+04  7.8100000000000E+04  5.0423989061727E-26
  782000  7.8200000000000E+04  7.8200000000000E+04  5.5472698855142E-26
  783000  7.8300000000000E+04  7.8300000000000E+04  6.0521408648556E-26
  784000  7.8400000000000E+04  7.8400000000000E+04  6.5570118441971E-26
  785000  7.8500000000000E+04  7.8500000000000E+04  7.0618828235385E-26
  786000  7.8600000000000E+04  7.8600000000000E+04  7.5667538028799E-26
  787000  7.8700000000000E+04  7.8700000000000E+04  8.0716247822214E-26
  788000  7.8800000000000E+04  7.8800000000000E+04  8.5764957615628E-26
  789000  7.8900000000000E+04  7.8900000000000E+04  9.0813667409043E-26
  790000  7.9000000000000E+04  7.9000000000000E+04  9.5862377202457E-26
  791000  7.9100000000000E+04  7.9100000000000E+04  1.0091108699587E-25
  792000  7.9200000000000E+04  7.9200000000000E+04  1.0595979678929E-25
  793000  7.9300000000000E+04  7.9300000000000E+04  1.1100850658270E-25
  794000  7.9400000000000E+04  7.9400000000000E+04  1.1605721637612E-25
  795000  7.9500000000000E+04  7.9500000000000E+04  1.2110592616953E-25
  796000  7.9600000000000E+04  7.9600000000000E+04  1.2615463596294E-25
  797000  7.9700000000000E+04  7.9700000000000E+04  1.3120334575636E-25
  798000  7.9800000000000E+04  7.9800000000000E+04  1.3625205554977E-25
  799000  7.9900000000000E+04  7.9900000000000E+04  1.4130076534319E-25
  800000  8.0000000000000E+04  8.0000000000000E+04  1.4634947513660E-25
  801000  8.0100000000000E+04  8.0100000000000E+04  1.5139818493002E-25
  802000  8.0200000000000E+04  8.0200000000000E+04  1.5644689472343E-25
  803000  8.0300000000000E+04  8.0300000000000E+04  1.6149560451685E-25
  804000  8.0400000000000E+04  8.0400000000000E+04  1.6654431431026E-25
  805000  8.0500000000000E+04  8.0500000000000E+04  1.7159302410367E-25
  806000  8.0600000000000E+04  8.0600000000000E+04  1.7664173389709E-25
  807000  8.0700000000000E+04  8.0700000000000E+04  1.8169044369050E-25
  808000  8.0800000000000E+04  8.0800000000000E+04  1.8673915348392E-25
  809000  8.0900000000000E+04  8.0900000000000E+04  1.9178786327733E-25
  810000  8.1000000000000E+04  8.1000000000000E+04  1.9683657307075E-25
  811000  8.1100000000000E+04  8.1100000000000E+04  2.0188528286416E-25
  812000  8.1200000000000E+04  8.1200000000000E+04  2.0693399265758E-25
  813000  8.1300000000000E+04  8.1300000000000E+04  2.1198270245099E-25
  814000  8.1400000000000E+04  8.1400000000000E+04  2.1703141224440E-25
  815000  8.1500000000000E+04  8.1500000000000E+04  2.2208012203782E-25
  816000  8.1600000000000E+04  8.1600000000000E+04  2.2712883183123E-25
  817000  8.1700000000000E+04  8.1700000000000E+04  2.3217754162465E-25
  818000  8.1800000000000E+04  8.1800000000000E+04  2.3722625141806E-25
  819000  8.1900000000000E+04  8.1900000000000E+04  2.4227496121148E-25
  820000  8.2000000000000E+04  8.2000000000000E+04  2.4732367100489E-25
  821000  8.2100000000000E+04  8.2100000000000E+04  2.5237238079831E-25
  822000  8.2200000000000E+04  8.2200000000000E+04  2.5742109059172E-25
  823000  8.2300000000000E+04  8.2300000000000E+04  2.6246980038514E-25
  824000  8.2400000000000E+04  8.2400000000000E+04  2.6751851017855E-25
  825000  8.2500000000000E+04  8.2500000000000E+04  2.7256721997196E-25
  826000  8.2600000000000E+04  8.2600000000000E+04  2.7761592976538E-25
  827000  8.2700000000000E+04  8.2700000000000E+04  2.8266463955879E-25
  828000  8.2800000000000E+04  8.2800000000000E+04  2.8771334935221E-25
  829000  8.2900000000000E+04  8.2900000000000E+04  2.9276205914562E-25
  830000  8.3000000000000E+04  8.3000000000000E+04  2.9781076893904E-25
  831000  8.3100000000000E+04  8.3100000000000E+04  3.0285947873245E-25
  832000  8.3200000000000E+04  8.3200000000000E+04  3.0790818852587E-25
  833000  8.3300000000000E+04  8.3300000000000E+04  3.1295689831928E-25
  834000  8.3400000000000E+04  8.3400000000000E+04  3.1800560811269E-25
  835000  8.3500000000000E+04  8.3500000000000E+04  3.2305431790611E-25
  836000  8.3600000000000E+04  8.3600000000000E+04  3.2810302769952E-25
  837000  8.3700000000000E+04  8.3700000000000E+04  3.3315173749294E-25
  838000  8.3800000000000E+04  8.3800000000000E+04  3.3820044728635E-25
  839000  8.3900000000000E+04  8.3900000000000E+04  3.4324915707977E-25
  840000  8.4000000000000E+04  8.4000000000000E+04  3.4829786687318E-25
  841000  8.4100000000000E+04  8.4100000000000E+04  3.5334657666660E-25
  842000  8.4200000000000E+04  8.4200000000000E+04  3.5839528646001E-25
  843000  8.4300000000000E+04  8.4300000000000E+04  3.6344399625342E-25
  844000  8.4400000000000E+04  8.4400000000000E+04  3.6849270604684E-25
  845000  8.4500000000000E+04  8.4500000000000E+04  3.7354141584025E-25
  846000  8.4600000000000E+04  8.4600000000000E+04  3.7859012563367E-25
  847000  8.4700000000000E+04  8.4700000000000E+04  3.8363883542708E-25
  848000  8.4800000000000E+04  8.4800000000000E+04  3.8868754522050E-25
  849000  8.4900000000000E+04  8.4900000000000E+04  3.9373625501391E-25
  850000  8.5000000000000E+04  8.5000000000000E+04  3.9878496480733E-25
  851000  8.5100000000000E+04  8.5100000000000E+04  4.0383367460074E-25
  852000  8.5200000000000E+04  8.5200000000000E+04  4.0888238439415E-25
  853000  8.5300000000000E+04  8.5300000000000E+04  4.1393109418757E-25
  854000  8.5400000000000E+04  8.5400000000000E+04  4.1897980398098E-25
  855000  8.5500000000000E+04  8.5500000000000E+04  4.2402851377440E-25
  856000  8.5600000000000E+04  8.5600000000000E+04  4.2907722356781E-25
  857000  8.5700000000000E+04  8.5700000000000E+04  4.3412593336123E-25
  858000  8.5800000000000E+04  8.5800000000000E+04  4.3917464315464E-25
  859000  8.5900000000000E+04  8.5900000000000E+04  4.4422335294806E-25
  860000  8.6000000000000E+04  8.6000000000000E+04  4.4927206274147E-25
  861000  8.6100000000000E+04  8.6100000000000E+04  4.5432077253489E-25
  862000  8.6200000000000E+04  8.6200000000000E+04  4.5936948232830E-25
  863000  8.6300000000000E+04  8.6300000000000E+04  4.6441819212171E-25
  864000  8.6400000000000E+04  8.6400000000000E+04  4.6946690191513E-25
  865000  8.6500000000000E+04  8.6500000000000E+04  4.7451561170854E-25
  866000  8.6600000000000E+04  8.6600000000000E+04  4.7956432150196E-25
  867000  8.6700000000000E+04  8.6700000000000E+04  4.8461303129537E-25
  868000  8.6800000000000E+04  8.6800000000000E+04  4.8966174108879E-25
  869000  8.6900000000000E+04  8.6900000000000E+04  4.9471045088220E-25
  870000  8.7000000000000E+04  8.7000000000000E+04  4.9975916067562E-25
  871000  8.7100000000000E+04  8.7100000000000E+04  5.0480787046903E-25
  872000  8.7200000000000E+04  8.7200000000000E+04  5.0985658026244E-25
  873000  8.7300000000000E+04  8.7300000000000E+04  5.1490529005586E-25
  874000  8.7400000000000E+04  8.7400000000000E+04  5.1995399984927E-25
  875000  8.7500000000000E+04  8.7500000000000E+04  5.2500270964269E-25
  876000  8.7600000000000E+04  8.7600000000000E+04  5.3005141943610E-25
  877000  8.7700000000000E+04  8.7700000000000E+04  5.3510012922952E-25
  878000  8.7800000000000E+04  8.7800000000000E+04  5.4014883902293E-25
  879000  8.7900000000000E+04  8.7900000000000E+04  5.4519754881635E-25
  880000  8.8000000000000E+04  8.8000000000000E+04  5.5024625860976E-25
  881000  8.8100000000000E+04  8.8100000000000E+04  5.5529496840317E-25
  882000  8.8200000000000E+04  8.8200000000000E+04  5.6034367819659E-25
  883000  8.8300000000000E+04  8.8300000000000E+04  5.6539238799000E-25
  884000  8.8400000000000E+04  8.8400000000000E+04  5.7044109778342E-25
  885000  8.8500000000000E+04  8.8500000000000E+04  5.7548980757683E-25
  886000  8.8600000000000E+04  8.8600000000000E+04  5.8053851737025E-25
  887000  8.8700000000000E+04  8.8700000000000E+04  5.8558722716366E-25
  888000  8.8800000000000E+04  8.8800000000000E+04  5.9063593695708E-25
  889000  8.8900000000000E+04  8.8900000000000E+04  5.9568464675049E-25
  890000  8.9000000000000E+04  8.9000000000000E+04  6.0073335654390E-25
  891000  8.9100000000000E+04  8.9100000000000E+04  6.0578206633732E-25
  892000  8.9200000000000E+04  8.9200000000000E+04  6.1083077613073E-25
  893000  8.9300000000000E+04  8.9300000000000E+04  6.1587948592415E-25
  894000  8.9400000000000E+04  8.9400000000000E+04  6.2092819571756E-25
  895000  8.9500000000000E+04  8.9500000000000E+04  6.2597690551098E-25
  896000  8.9600000000000E+04  8.9600000000000E+04  6.3102561530439E-25
  897000  8.9700000000000E+04  8.9700000000000E+04  6.3607432509781E-25
  898000  8.9800000000000E+04  8.9800000000000E+04  6.4112303489122E-25
  899000  8.9900000000000E+04  8.9900000000000E+04  6.4617174468464E-25
  900000  9.0000000000000E+04  9.0000000000000E+04  6.5122045447805E-25
  901000  9.0100000000000E+04  9.0100000000000E+04  6.5626916427146E-25
  902000  9.0200000000000E+04  9.0200000000000E+04  6.6131787406488E-25
  903000  9.0300000000000E+04  9.0300000000000E+04  6.6636658385829E-25
  904000  9.0400000000000E+04  9.0400000000000E+04  6.7141529365171E-25
  905000  9.0500000000000E+04  9.0500000000000E+04  6.7646400344512E-25
  906000  9.0600000000000E+04  9.0600000000000E+04  6.8151271323854E-25
  907000  9.0700000000000E+04  9.0700000000000E+04  6.8656142303195E-25
  908000  9.0800000000000E+04  9.0800000000000E+04  6.9161013282537E-25
  909000  9.0900000000000E+04  9.0900000000000E+04  6.9665884261878E-25
  910000  9.1000000000000E+04  9.1000000000000E+04  7.0170755241219E-25
  911000  9.1100000000000E+04  9.1100000000000E+04  7.0675626220561E-25
  912000  9.1200000000000E+04  9.1200000000000E+04  7.1180497199902E-25
  913000  9.1300000000000E+04  9.1300000000000E+04  7.1685368179244E-25
  914000  9.1400000000000E+04  9.1400000000000E+04  7.2190239158585E-25
  915000  9.1500000000000E+04  9.1500000000000E+04  7.2695110137927E-25
  916000  9.1600000000000E+04  9.1600000000000E+04  7.3199981117268E-25
  917000  9.1700000000000E+04  9.1700000000000E+04  7.3704852096610E-25
  918000  9.1800000000000E+04  9.1800000000000E+04  7.4209723075951E-25
  919000  9.1900000000000E+04  9.1900000000000E+04  7.4714594055292E-25
  920000  9.2000000000000E+04  9.2000000000000E+04  7.5219465034634E-25
  921000  9.2100000000000E+04  9.2100000000000E+04  7.5724336013975E-25
  922000  9.2200000000000E+04  9.2200000000000E+04  7.6229206993317E-25
  923000  9.2300000000000E+04  9.2300000000000E+04  7.6734077972658E-25
  924000  9.2400000000000E+04  9.2400000000000E+04  7.7238948952000E-25
  925000  9.2500000000000E+04  9.2500000000000E+04  7.7743819931341E-25
  926000  9.2600000000000E+04  9.2600000000000E+04  7.8248690910683E-25
  927000  9.2700000000000E+04  9.2700000000000E+04  7.8753561890024E-25
  928000  9.2800000000000E+04  9.2800000000000E+04  7.9258432869365E-25
  929000  9.2900000000000E+04  9.2900000000000E+04  7.9763303848707E-25
  930000  9.3000000000000E+04  9.3000000000000E+04  8.0268174828048E-25
  931000  9.3100000000000E+04  9.3100000000000E+04  8.0773045807390E-25
  932000  9.3200000000000E+04  9.3200000000000E+04  8.1277916786731E-25
  933000  9.3300000000000E+04  9.3300000000000E+04  8.1782787766073E-25
  934000  9.3400000000000E+04  9.3400000000000E+04  8.2287658745414E-25
  935000  9.3500000000000E+04  9.3500000000000E+04  8.2792529724756E-25
  936000  9.3600000000000E+04  9.3600000000000E+04  8.3297400704097E-25
  937000  9.3700000000000E+04  9.3700000000000E+04  8.3802271683439E-25
  938000  9.3800000000000E+04  9.3800000000000E+04  8.4307142662780E-25
  939000  9.3900000000000E+04  9.3900000000000E+04  8.4812013642121E-25
  940000  9.4000000000000E+04  9.4000000000000E+04  8.5316884621463E-25
  941000  9.4100000000000E+04  9.4100000000000E+04  8.5821755600804E-25
  942000  9.4200000000000E+04  9.4200000000000E+04  8.6326626580146E-25
  943000  9.4300000000000E+04  9.4300000000000E+04  8.6831497559487E-25
  944000  9.4400000000000E+04  9.4400000000000E+04  8.7336368538829E-25
  945000  9.4500000000000E+04  9.4500000000000E+04  8.7841239518170E-25
  946000  9.4600000000000E+04  9.4600000000000E+04  8.8346110497512E-25
  947000  9.4700000000000E+04  9.4700000000000E+04  8.8850981476853E-25
  948000  9.4800000000000E+04  9.4800000000000E+04  8.9355852456194E-25
  949000  9.4900000000000E+04  9.4900000000000E+04  8.9860723435536E-25
  950000  9.5000000000000E+04  9.5000000000000E+04  9.0365594414877E-25
  951000  9.5100000000000E+04  9.5100000000000E+04  9.0870465394219E-25
  952000  9.5200000000000E+04  9.5200000000000E+04  9.1375336373560E-25
  953000  9.5300000000000E+04  9.5300000000000E+04  9.1880207352902E-25
  954000  9.5400000000000E+04  9.5400000000000E+04  9.2385078332243E-25
  955000  9.5500000000000E+04  9.5500000000000E+04  9.2889949311585E-25
  956000  9.5600000000000E+04  9.5600000000000E+04  9.3394820290926E-25
  957000  9.5700000000000E+04  9.5700000000000E+04  9.3899691270267E-25
  958000  9.5800000000000E+04  9.5800000000000E+04  9.4404562249609E-25
  959000  9.5900000000000E+04  9.5900000000000E+04  9.4909433228950E-25
  960000  9.6000000000000E+04  9.6000000000000E+04  9.5414304208292E-25
  961000  9.6100000000000E+04  9.6100000000000E+04  9.5919175187633E-25
  962000  9.6200000000000E+04  9.6200000000000E+04  9.6424046166975E-25
  963000  9.6300000000000E+04  9.6300000000000E+04  9.6928917146316E-25
  964000  9.6400000000000E+04  9.6400000000000E+04  9.7433788125658E-25
  965000  9.6500000000000E+04  9.6500000000000E+04  9.7938659104999E-25
  966000  9.6600000000000E+04  9.6600000000000E+04  9.8443530084341E-25
  967000  9.6700000000000E+04  9.6700000000000E+04  9.8948401063682E-25
  968000  9.6800000000000E+04  9.6800000000000E+04  9.9453272043023E-25
  969000  9.6900000000000E+04  9.6900000000000E+04  9.9958143022365E-25
  970000  9.7000000000000E+04  9.7000000000000E+04  1.0046301400171E-24
  971000  9.7100000000000E+04  9.7100000000000E+04  1.0096788498105E-24
  972000  9.7200000000000E+04  9.7200000000000E+04  1.0147275596039E-24
  973000  9.7300000000000E+04  9.7300000000000E+04  1.0197762693973E-24
  974000  9.7400000000000E+04  9.7400000000000E+04  1.0248249791907E-24
  975000  9.7500000000000E+04  9.7500000000000E+04  1.0298736889841E-24
  976000  9.7600000000000E+04  9.7600000000000E+04  1.0349223987775E-24
  977000  9.7700000000000E+04  9.7700000000000E+04  1.0399711085710E-24
  978000  9.7800000000000E+04  9.7800000000000E+04  1.0450198183644E-24
  979000  9.7900000000000E+04  9.7900000000000E+04  1.0500685281578E-24
  980000  9.8000000000000E+04  9.8000000000000E+04  1.0551172379512E-24
  981000  9.8100000000000E+04  9.8100000000000E+04  1.0601659477446E-24
  982000  9.8200000000000E+04  9.8200000000000E+04  1.0652146575380E-24
  983000  9.8300000000000E+04  9.8300000000000E+04  1.0702633673315E-24
  984000  9.8400000000000E+04  9.8400000000000E+04  1.0753120771249E-24
  985000  9.8500000000000E+04  9.8500000000000E+04  1.0803607869183E-24
  986000  9.8600000000000E+04  9.8600000000000E+04  1.0854094967117E-24
  987000  9.8700000000000E+04  9.8700000000000E+04  1.0904582065051E-24
  988000  9.8800000000000E+04  9.8800000000000E+04  1.0955069162985E-24
  989000  9.8900000000000E+04  9.8900000000000E+04  1.1005556260919E-24
  990000  9.9000000000000E+04  9.9000000000000E+04  1.1056043358854E-24
  991000  9.9100000000000E+04  9.9100000000000E+04  1.1106530456788E-24
  992000  9.9200000000000E+04  9.9200000000000E+04  1.1157017554722E-24
  993000  9.9300000000000E+04  9.9300000000000E+04  1.1207504652656E-24
  994000  9.9400000000000E+04  9.9400000000000E+04  1.1257991750590E-24
  995000  9.9500000000000E+04  9.9500000000000E+04  1.1308478848524E-24
  996000  9.9600000000000E+04  9.9600000000000E+04  1.1358965946458E-24
  997000  9.9700000000000E+04  9.9700000000000E+04  1.1409453044393E-24
  998000  9.9800000000000E+04  9.9800000000000E+04  1.1459940142327E-24
  999000  9.9900000000000E+04  9.9900000000000E+04  1.1510427240261E-24
 1000000  1.0000000000000E+05  1.0000000000000E+05  1.1560914338195E-24
