   .00000000000000E+00
   .00000000000000E+00
   .55500000000000E+03
   .33333333000000E+04
   .33300000000000E+03
   .33300000000000E+03
   .33330000000000E+04
   .33330000000000E+04
   .10000000000001E+01
   .44444000000000E+05
   .30000000000000E+01
   .00000000000000E+00
   .20000000000000E+01
   .10000000000000E+01
   .00000000000000E+00
   .00000000000000E+00
   .00000000000000E+00
   .33333300000000E+01
   .12340000000000E+01
   .12340000000000E+01
   .12340000000000E+01
   .12340000000000E+01
   .12340000000000E+01
   .12340000000000E+01
   .12340000000000E+01
   .12340000000000E+01
   .12340000000000E+01
   .12340000000000E+01
   .12340000000000E+01
   .12345567800000E+01
   .12345567800000E+01
   .12340000000000E+01
   .12340000000000E+01
   .12340000000000E+01
   .12340000000000E+01
  0.12340000000000E+01
  0.12340000000000E+01
  0.12340000000000E+01
  0.12340000000000E+01
  0.12340000000000E+01
  0.12340000000000E+01
  0.12340000000000E+01
  0.12340000000000E+01
  0.12340000000000E+01
  0.12340000000000E+01
  0.12340000000000E+01
  0.12340000000000E+01
